   0.0000000000000000e+00  -7.3907904463182535e-11   9.8140615239206800e-11   0.0000000000000000e+00  -1.4561042156460932e-12  -1.4561042156460932e-12
   0.0000000000000000e+00  -1.2953479566058176e-10   2.4051086900070510e-10   0.0000000000000000e+00  -2.5495840086187567e-12  -2.5495840086187567e-12
   0.0000000000000000e+00  -1.6553149550615524e-10   4.2961854142107594e-10   0.0000000000000000e+00  -3.2537034978101461e-12  -3.2537034978101461e-12
   0.0000000000000000e+00  -1.8054882591386051e-10   6.6797141262509241e-10   0.0000000000000000e+00  -3.5417268021025965e-12  -3.5417268021025965e-12
   0.0000000000000000e+00  -1.7323760879765513e-10   9.5807726273752721e-10   0.0000000000000000e+00  -3.3869180403784439e-12  -3.3869180403784439e-12
   0.0000000000000000e+00  -1.4224866607149657e-10   1.3024438718831542e-09   0.0000000000000000e+00  -2.7625413315200258e-12  -2.7625413315200258e-12
   0.0000000000000000e+00  -8.6232819649342456e-11   1.7035790201867451e-09   0.0000000000000000e+00  -1.6418607944096782e-12  -1.6418607944096782e-12
   0.0000000000000000e+00  -3.8408914451503296e-12   2.1639904877730743e-09   0.0000000000000000e+00   1.8594520702618185e-15   1.8594520702618185e-15
   0.0000000000000000e+00   1.0627629662712236e-10   2.6861860547669139e-09   0.0000000000000000e+00   2.1953552890374648e-12   2.1953552890374648e-12
   0.0000000000000000e+00   2.4546792265351793e-10   3.2726735012930366e-09   0.0000000000000000e+00   4.9653625976095830e-12   4.9653625976095830e-12
   0.0000000000000000e+00   4.1508316472007904e-10   3.9259606074762161e-09   0.0000000000000000e+00   8.3386172589042894e-12   8.3386172589042894e-12
   0.0000000000000000e+00   6.1647120091284790e-10   4.6485551534412265e-09   0.0000000000000000e+00   1.2341855154039242e-11   1.2341855154039242e-11
   0.0000000000000000e+00   8.5098120931786727e-10   5.4429649193128383e-09   0.0000000000000000e+00   1.7001812164132103e-11   1.7001812164132103e-11
   0.0000000000000000e+00   1.1199623680211792e-09   6.3116976852158275e-09   0.0000000000000000e+00   2.2345224170300547e-11   2.2345224170300547e-11
   0.0000000000000000e+00   1.4247638551088268e-09   7.2572612312749634e-09   0.0000000000000000e+00   2.8398827053662232e-11   2.8398827053662232e-11
   0.0000000000000000e+00   1.7667348486668513e-09   8.2821633376150210e-09   0.0000000000000000e+00   3.5189356695334834e-11   3.5189356695334834e-11
   0.0000000000000000e+00   2.1472245267812968e-09   9.3889117843607747e-09   0.0000000000000000e+00   4.2743548976435976e-11   4.2743548976435976e-11
   0.0000000000000000e+00   2.5675820675382045e-09   1.0580014351636997e-08   0.0000000000000000e+00   5.1088139778083372e-11   5.1088139778083372e-11
   0.0000000000000000e+00   3.0291566490236176e-09   1.1857978819568459e-08   0.0000000000000000e+00   6.0249864981394632e-11   6.0249864981394632e-11
   0.0000000000000000e+00   3.5332974493235778e-09   1.3225312968279933e-08   0.0000000000000000e+00   7.0255460467487483e-11   7.0255460467487483e-11
   0.0000000000000000e+00   4.0813536465241289e-09   1.4684524577896195e-08   0.0000000000000000e+00   8.1131662117479536e-11   8.1131662117479536e-11
   0.0000000000000000e+00   4.6746744187113111e-09   1.6238121428542018e-08   0.0000000000000000e+00   9.2905205812488486e-11   9.2905205812488486e-11
   0.0000000000000000e+00   5.3146089439711679e-09   1.7888611300342174e-08   0.0000000000000000e+00   1.0560282743363200e-10   1.0560282743363200e-10
   0.0000000000000000e+00   6.0025064003897442e-09   1.9638501973421434e-08   0.0000000000000000e+00   1.1925126286202771e-10   1.1925126286202771e-10
   0.0000000000000000e+00   6.7397159660530800e-09   2.1490301227904573e-08   0.0000000000000000e+00   1.3387724797879328e-10   1.3387724797879328e-10
   0.0000000000000000e+00   7.5275868190472169e-09   2.3446516843916365e-08   0.0000000000000000e+00   1.4950751866504640e-10   1.4950751866504640e-10
   0.0000000000000000e+00   8.3674681374581975e-09   2.5509656601581577e-08   0.0000000000000000e+00   1.6616881080190474e-10   1.6616881080190474e-10
   0.0000000000000000e+00   9.2607090993720683e-09   2.7682228281024997e-08   0.0000000000000000e+00   1.8388786027048597e-10   1.8388786027048597e-10
   0.0000000000000000e+00   1.0208658882874869e-08   2.9966739662371380e-08   0.0000000000000000e+00   2.0269140295190771e-10   2.0269140295190771e-10
   0.0000000000000000e+00   1.1212666666052637e-08   3.2365698525745505e-08   0.0000000000000000e+00   2.2260617472728762e-10   2.2260617472728762e-10
   0.0000000000000000e+00   1.2274081626991424e-08   3.4881612651272148e-08   0.0000000000000000e+00   2.4365891147774345e-10   2.4365891147774345e-10
   0.0000000000000000e+00   1.3394252943777269e-08   3.7516989819076086e-08   0.0000000000000000e+00   2.6587634908439274e-10   2.6587634908439274e-10
   0.0000000000000000e+00   1.4574529794496214e-08   4.0274337809282084e-08   0.0000000000000000e+00   2.8928522342835324e-10   2.8928522342835324e-10
   0.0000000000000000e+00   1.5816261357234297e-08   4.3156164402014925e-08   0.0000000000000000e+00   3.1391227039074263e-10   3.1391227039074263e-10
   0.0000000000000000e+00   1.7120796810077564e-08   4.6164977377399367e-08   0.0000000000000000e+00   3.3978422585267845e-10   3.3978422585267845e-10
   0.0000000000000000e+00   1.8489485331112061e-08   4.9303284515560188e-08   0.0000000000000000e+00   3.6692782569527852e-10   3.6692782569527852e-10
   0.0000000000000000e+00   1.9923676098423828e-08   5.2573593596622166e-08   0.0000000000000000e+00   3.9536980579966038e-10   3.9536980579966038e-10
   0.0000000000000000e+00   2.1424718290098902e-08   5.5978412400710084e-08   0.0000000000000000e+00   4.2513690204694180e-10   4.2513690204694180e-10
   0.0000000000000000e+00   2.2993961084223330e-08   5.9520248707948694e-08   0.0000000000000000e+00   4.5625585031824032e-10   4.5625585031824032e-10
   0.0000000000000000e+00   2.4632753658883163e-08   6.3201610298462780e-08   0.0000000000000000e+00   4.8875338649467378e-10   4.8875338649467378e-10
   0.0000000000000000e+00   2.6342445192164431e-08   6.7025004952377106e-08   0.0000000000000000e+00   5.2265624645735974e-10   5.2265624645735974e-10
   0.0000000000000000e+00   2.8127238686350239e-08   7.1001113768402298e-08   0.0000000000000000e+00   5.5804781710238855e-10   5.5804781710238855e-10
   0.0000000000000000e+00   3.0009345026423545e-08   7.5192192207297547e-08   0.0000000000000000e+00   5.9536895823308431e-10   5.9536895823308431e-10
   0.0000000000000000e+00   3.2017980034113368e-08   7.9680557785416824e-08   0.0000000000000000e+00   6.3519958404052627e-10   6.3519958404052627e-10
   0.0000000000000000e+00   3.4182375216464469e-08   8.4548572941672025e-08   0.0000000000000000e+00   6.7811992008362753e-10   6.7811992008362753e-10
   0.0000000000000000e+00   3.6531762080521608e-08   8.9878600114975033e-08   0.0000000000000000e+00   7.2471019192130098e-10   7.2471019192130098e-10
   0.0000000000000000e+00   3.9095372133329557e-08   9.5753001744237758e-08   0.0000000000000000e+00   7.7555062511245972e-10   7.7555062511245972e-10
   0.0000000000000000e+00   4.1902436881933081e-08   1.0225414026837205e-07   0.0000000000000000e+00   8.3122144521601654e-10   8.3122144521601654e-10
   0.0000000000000000e+00   4.4982187833376952e-08   1.0946437812628985e-07   0.0000000000000000e+00   8.9230287779088443e-10   8.9230287779088443e-10
   0.0000000000000000e+00   4.8363856494705916e-08   1.1746607775690299e-07   0.0000000000000000e+00   9.5937514839597660e-10   9.5937514839597660e-10
   0.0000000000000000e+00   5.2076674372964759e-08   1.2634160159912341e-07   0.0000000000000000e+00   1.0330184825902057e-09   1.0330184825902057e-09
   0.0000000000000000e+00   5.6149872975198233e-08   1.3617331209186298e-07   0.0000000000000000e+00   1.1138131059324846e-09   1.1138131059324846e-09
   0.0000000000000000e+00   6.0612683808451116e-08   1.4704357167403357e-07   0.0000000000000000e+00   1.2023392439817267e-09   1.2023392439817267e-09
   0.0000000000000000e+00   6.5494338379768148e-08   1.5903474278454707e-07   0.0000000000000000e+00   1.2991771222968449e-09   1.2991771222968449e-09
   0.0000000000000000e+00   7.0824068196194133e-08   1.7222918786231542e-07   0.0000000000000000e+00   1.4049069664367518e-09   1.4049069664367518e-09
   0.0000000000000000e+00   7.6631104764773806e-08   1.8670926934625045e-07   0.0000000000000000e+00   1.5201090019603607e-09   1.5201090019603607e-09
   0.0000000000000000e+00   8.2944679592551950e-08   2.0255734967526406e-07   0.0000000000000000e+00   1.6453634544265839e-09   1.6453634544265839e-09
   0.0000000000000000e+00   8.9794024186573324e-08   2.1985579128826817e-07   0.0000000000000000e+00   1.7812505493943355e-09   1.7812505493943355e-09
   0.0000000000000000e+00   9.7208370053882689e-08   2.3868695662417461e-07   0.0000000000000000e+00   1.9283505124225277e-09   1.9283505124225277e-09
   0.0000000000000000e+00   1.0521694870152482e-07   2.5913320812189541e-07   0.0000000000000000e+00   2.0872435690700739e-09   2.0872435690700739e-09
   0.0000000000000000e+00   1.1384899163654446e-07   2.8127690822034228e-07   0.0000000000000000e+00   2.2585099448958865e-09   2.2585099448958865e-09
   0.0000000000000000e+00   1.2313373036598639e-07   3.0520041935842717e-07   0.0000000000000000e+00   2.4427298654588785e-09   2.4427298654588785e-09
   0.0000000000000000e+00   1.3310039639689539e-07   3.3098610397506200e-07   0.0000000000000000e+00   2.6404835563179636e-09   2.6404835563179636e-09
   0.0000000000000000e+00   1.4377822123631622e-07   3.5871632450915868e-07   0.0000000000000000e+00   2.8523512430320538e-09   2.8523512430320538e-09
   0.0000000000000000e+00   1.5519643639129362e-07   3.8847344339962901e-07   0.0000000000000000e+00   3.0789131511600632e-09   3.0789131511600632e-09
   0.0000000000000000e+00   1.6738427336887239e-07   4.2033982308538506e-07   0.0000000000000000e+00   3.3207495062609036e-09   3.3207495062609036e-09
   0.0000000000000000e+00   1.8037096367609727e-07   4.5439782600533842e-07   0.0000000000000000e+00   3.5784405338934891e-09   3.5784405338934891e-09
   0.0000000000000000e+00   1.9418573882001304e-07   4.9072981459840121e-07   0.0000000000000000e+00   3.8525664596167321e-09   3.8525664596167321e-09
   0.0000000000000000e+00   2.0885783030766444e-07   5.2941815130348539e-07   0.0000000000000000e+00   4.1437075089895449e-09   4.1437075089895449e-09
   0.0000000000000000e+00   2.2441646964609627e-07   5.7054519855950246e-07   0.0000000000000000e+00   4.4524439075708409e-09   4.4524439075708409e-09
   0.0000000000000000e+00   2.4090687741106986e-07   6.1422686180578870e-07   0.0000000000000000e+00   4.7796724996562273e-09   4.7796724996562273e-09
   0.0000000000000000e+00   2.5847778644958496e-07   6.6079620185323796e-07   0.0000000000000000e+00   5.1283399002398283e-09   5.1283399002398283e-09
   0.0000000000000000e+00   2.7731915136865737e-07   7.1067275743952115e-07   0.0000000000000000e+00   5.5022090058523573e-09   5.5022090058523573e-09
   0.0000000000000000e+00   2.9762103292670457e-07   7.6427628999423488e-07   0.0000000000000000e+00   5.9050448150558129e-09   5.9050448150558129e-09
   0.0000000000000000e+00   3.1957349188214390e-07   8.2202656094697555e-07   0.0000000000000000e+00   6.3406123264121938e-09   6.3406123264121938e-09
   0.0000000000000000e+00   3.4336658899339282e-07   8.8434333172733989e-07   0.0000000000000000e+00   6.8126765384834975e-09   6.8126765384834975e-09
   0.0000000000000000e+00   3.6919038501886856e-07   9.5164636376492418e-07   0.0000000000000000e+00   7.3250024498317227e-09   7.3250024498317227e-09
   0.0000000000000000e+00   3.9723494071698871e-07   1.0243554184893254e-06   0.0000000000000000e+00   7.8813550590188671e-09   7.8813550590188671e-09
   0.0000000000000000e+00   4.2769031684617053e-07   1.1028902573301398e-06   0.0000000000000000e+00   8.4854993646069301e-09   8.4854993646069301e-09
   0.0000000000000000e+00   4.6074657416483151e-07   1.1876706417169640e-06   0.0000000000000000e+00   9.1412003651579085e-09   9.1412003651579085e-09
   0.0000000000000000e+00   4.9659377343138901e-07   1.2791163330793947e-06   0.0000000000000000e+00   9.8522230592338009e-09   9.8522230592338009e-09
   0.0000000000000000e+00   5.3542197540426022e-07   1.3776470928470284e-06   0.0000000000000000e+00   1.0622332445396603e-08   1.0622332445396603e-08
   0.0000000000000000e+00   5.7742124084186281e-07   1.4836826824494615e-06   0.0000000000000000e+00   1.1455293522208319e-08   1.1455293522208319e-08
   0.0000000000000000e+00   6.2278163050261416e-07   1.5976428633162909e-06   0.0000000000000000e+00   1.2354871288230943e-08   1.2354871288230943e-08
   0.0000000000000000e+00   6.7169330539064537e-07   1.7199502536994829e-06   0.0000000000000000e+00   1.3324831907835276e-08   1.3324831907835276e-08
   0.0000000000000000e+00   7.2435305205190401e-07   1.8512162878644681e-06   0.0000000000000000e+00   1.4369018597214806e-08   1.4369018597214806e-08
   0.0000000000000000e+00   7.8096829413525051e-07   1.9923555383592005e-06   0.0000000000000000e+00   1.5491398276886422e-08   1.5491398276886422e-08
   0.0000000000000000e+00   8.4174741465327900e-07   2.1443099178708433e-06   0.0000000000000000e+00   1.6695949024299734e-08   1.6695949024299734e-08
   0.0000000000000000e+00   9.0689879661858332e-07   2.3080213390865598e-06   0.0000000000000000e+00   1.7986648916904355e-08   1.7986648916904355e-08
   0.0000000000000000e+00   9.7663082304375730e-07   2.4844317146935128e-06   0.0000000000000000e+00   1.9367476032149893e-08   1.9367476032149893e-08
   0.0000000000000000e+00   1.0511518769413951e-06   2.6744829573788650e-06   0.0000000000000000e+00   2.0842408447485954e-08   2.0842408447485954e-08
   0.0000000000000000e+00   1.1306703413240904e-06   2.8791169798297797e-06   0.0000000000000000e+00   2.2415424240362151e-08   2.2415424240362151e-08
   0.0000000000000000e+00   1.2153945992044374e-06   3.0992756947334198e-06   0.0000000000000000e+00   2.4090501488228097e-08   2.4090501488228097e-08
   0.0000000000000000e+00   1.3055599966754130e-06   3.3359220751546270e-06   0.0000000000000000e+00   2.5872092704025603e-08   2.5872092704025603e-08
   0.0000000000000000e+00   1.4018163637846710e-06   3.5903428401287737e-06   0.0000000000000000e+00   2.7771943554752066e-08   2.7771943554752066e-08
   0.0000000000000000e+00   1.5051383415967210e-06   3.8640784127410624e-06   0.0000000000000000e+00   2.9807514999295314e-08   2.9807514999295314e-08
   0.0000000000000000e+00   1.6165092648633003e-06   4.1586760065596026e-06   0.0000000000000000e+00   3.1996420968448482e-08   3.1996420968448482e-08
   0.0000000000000000e+00   1.7369124683361473e-06   4.4756828351525048e-06   0.0000000000000000e+00   3.4356275393004717e-08   3.4356275393004717e-08
   0.0000000000000000e+00   1.8673312867670003e-06   4.8166461120878764e-06   0.0000000000000000e+00   3.6904692203757177e-08   3.6904692203757177e-08
   0.0000000000000000e+00   2.0085387275808527e-06   5.1831449802905498e-06   0.0000000000000000e+00   3.9654688100069617e-08   3.9654688100069617e-08
   0.0000000000000000e+00   2.1595575211444721e-06   5.5770242886277015e-06   0.0000000000000000e+00   4.2581023084818676e-08   4.2581023084818676e-08
   0.0000000000000000e+00   2.3185421515241148e-06   6.0002606926427024e-06   0.0000000000000000e+00   4.5639479459585869e-08   4.5639479459585869e-08
   0.0000000000000000e+00   2.4836408547483489e-06   6.4548317963806110e-06   0.0000000000000000e+00   4.8785702959412966e-08   4.8785702959412966e-08
   0.0000000000000000e+00   2.6531620014004979e-06   6.9427167324870564e-06   0.0000000000000000e+00   5.1977936286858087e-08   5.1977936286858087e-08
   0.0000000000000000e+00   2.8279135427853455e-06   7.4659184939201802e-06   0.0000000000000000e+00   5.5214958866538443e-08   5.5214958866538443e-08
   0.0000000000000000e+00   3.0106819567080442e-06   8.0264589601098470e-06   0.0000000000000000e+00   5.8527636695888609e-08   5.8527636695888609e-08
   0.0000000000000000e+00   3.2040147880089472e-06   8.6263506825285584e-06   0.0000000000000000e+00   6.1941684005801334e-08   6.1941684005801334e-08
   0.0000000000000000e+00   3.4018263169310975e-06   9.2673162048728523e-06   0.0000000000000000e+00   6.5305190860898217e-08   6.5305190860898217e-08
   0.0000000000000000e+00   3.5881933479371224e-06   9.9507476113195477e-06   0.0000000000000000e+00   6.8263847247126570e-08   6.8263847247126570e-08
   0.0000000000000000e+00   3.7514554095870103e-06   1.0677778778624665e-05   0.0000000000000000e+00   7.0540240528265536e-08   7.0540240528265536e-08
   0.0000000000000000e+00   3.8991242730748124e-06   1.1448583602091830e-05   0.0000000000000000e+00   7.2208236438768205e-08   7.2208236438768205e-08
   0.0000000000000000e+00   4.0292078058462534e-06   1.2262670997936935e-05   0.0000000000000000e+00   7.3157366098058187e-08   7.3157366098058187e-08
   0.0000000000000000e+00   4.0895012313121616e-06   1.3117974081074305e-05   0.0000000000000000e+00   7.2321213016465495e-08   7.2321213016465495e-08
   0.0000000000000000e+00   4.0686896994108234e-06   1.4010769672115548e-05   0.0000000000000000e+00   6.9408326148356497e-08   6.9408326148356497e-08
   0.0000000000000000e+00   3.9709233867123067e-06   1.4934988038987657e-05   0.0000000000000000e+00   6.4466750928370805e-08   6.4466750928370805e-08
   0.0000000000000000e+00   3.6912634096095159e-06   1.5881558580303111e-05   0.0000000000000000e+00   5.5605972638510025e-08   5.5605972638510025e-08
   0.0000000000000000e+00   3.2636402054416108e-06   1.6837743473826779e-05   0.0000000000000000e+00   4.3631123718469200e-08   4.3631123718469200e-08
   0.0000000000000000e+00   2.5615016456209453e-06   1.7786523570582047e-05   0.0000000000000000e+00   2.6727174048828568e-08   2.6727174048828568e-08
   0.0000000000000000e+00   1.5459498510532265e-06   1.8706058427101089e-05   0.0000000000000000e+00   5.1294356294726635e-09   5.1294356294726635e-09
   0.0000000000000000e+00   1.6424749264682555e-07   1.9569670444428485e-05   0.0000000000000000e+00  -2.0598135568934829e-08  -2.0598135568934829e-08
   0.0000000000000000e+00  -1.6537267034374878e-06   2.0346512856247614e-05   0.0000000000000000e+00  -4.9321333996268677e-08  -4.9321333996268677e-08
   0.0000000000000000e+00  -3.9688251939020268e-06   2.1003492691130321e-05   0.0000000000000000e+00  -7.8669330892360731e-08  -7.8669330892360731e-08
   0.0000000000000000e+00  -6.8485187005588539e-06   2.1509002227427309e-05   0.0000000000000000e+00  -1.0525499104259578e-07  -1.0525499104259578e-07
   0.0000000000000000e+00  -1.0292796313165040e-05   2.1839195032719459e-05   0.0000000000000000e+00  -1.2368190742015853e-07  -1.2368190742015853e-07
   0.0000000000000000e+00  -1.4197984641234180e-05   2.1987824001649257e-05   0.0000000000000000e+00  -1.2726159222039680e-07  -1.2726159222039680e-07
   0.0000000000000000e+00  -1.8402241442739998e-05   2.1980764604342622e-05   0.0000000000000000e+00  -1.0992936084510435e-07  -1.0992936084510435e-07
   0.0000000000000000e+00  -2.2024737753660017e-05   2.1892885689520703e-05   0.0000000000000000e+00  -6.5797555274012212e-08  -6.5797555274012212e-08
   0.0000000000000000e+00  -2.3664319132398465e-05   2.1841055832625822e-05   0.0000000000000000e+00   3.4211164431233659e-18   3.4211164431233659e-18
   0.0000000000000000e+00  -2.2024737753720261e-05   2.1892885689303270e-05   0.0000000000000000e+00   6.5797555278450744e-08   6.5797555278450744e-08
   0.0000000000000000e+00  -1.8402241441033871e-05   2.1980764604085493e-05   0.0000000000000000e+00   1.0992936084467683e-07   1.0992936084467683e-07
   0.0000000000000000e+00  -1.4197984644618395e-05   2.1987824001317487e-05   0.0000000000000000e+00   1.2726159221452678e-07   1.2726159221452678e-07
   0.0000000000000000e+00  -1.0292796314908811e-05   2.1839195032172004e-05   0.0000000000000000e+00   1.2368190741117538e-07   1.2368190741117538e-07
   0.0000000000000000e+00  -6.8485187008465563e-06   2.1509002226742926e-05   0.0000000000000000e+00   1.0525499103644157e-07   1.0525499103644157e-07
   0.0000000000000000e+00  -3.9688251911369928e-06   2.1003492690427314e-05   0.0000000000000000e+00   7.8669330904105479e-08   7.8669330904105479e-08
   0.0000000000000000e+00  -1.6537266993556220e-06   2.0346512855652929e-05   0.0000000000000000e+00   4.9321334022391709e-08   4.9321334022391709e-08
   0.0000000000000000e+00   1.6424749526438976e-07   1.9569670443905991e-05   0.0000000000000000e+00   2.0598135588243269e-08   2.0598135588243269e-08
   0.0000000000000000e+00   1.5459498511714183e-06   1.8706058426626886e-05   0.0000000000000000e+00  -5.1294356286980618e-09  -5.1294356286980618e-09
   0.0000000000000000e+00   2.5615016440901603e-06   1.7786523570089904e-05   0.0000000000000000e+00  -2.6727174063423317e-08  -2.6727174063423317e-08
   0.0000000000000000e+00   3.2636402060134144e-06   1.6837743473338613e-05   0.0000000000000000e+00  -4.3631123714917491e-08  -4.3631123714917491e-08
   0.0000000000000000e+00   3.6912634122918041e-06   1.5881558579870884e-05   0.0000000000000000e+00  -5.5605972614314509e-08  -5.5605972614314509e-08
   0.0000000000000000e+00   3.9709233879702540e-06   1.4934988038629221e-05   0.0000000000000000e+00  -6.4466750917031165e-08  -6.4466750917031165e-08
   0.0000000000000000e+00   4.0686896986675850e-06   1.4010769671777937e-05   0.0000000000000000e+00  -6.9408326157120257e-08  -6.9408326157120257e-08
   0.0000000000000000e+00   4.0895012299503944e-06   1.3117974080744364e-05   0.0000000000000000e+00  -7.2321213031855117e-08  -7.2321213031855117e-08
   0.0000000000000000e+00   4.0292078023837521e-06   1.2262670997578112e-05   0.0000000000000000e+00  -7.3157366136049031e-08  -7.3157366136049031e-08
   0.0000000000000000e+00   3.8991242661828882e-06   1.1448583601647032e-05   0.0000000000000000e+00  -7.2208236513627163e-08  -7.2208236513627163e-08
   0.0000000000000000e+00   3.7514554009688121e-06   1.0677778778045101e-05   0.0000000000000000e+00  -7.0540240622420263e-08  -7.0540240622420263e-08
   0.0000000000000000e+00   3.5881933392841816e-06   9.9507476105811857e-06   0.0000000000000000e+00  -6.8263847342667029e-08  -6.8263847342667029e-08
   0.0000000000000000e+00   3.4018263091922280e-06   9.2673162039798729e-06   0.0000000000000000e+00  -6.5305190947235412e-08  -6.5305190947235412e-08
   0.0000000000000000e+00   3.2040147819441706e-06   8.6263506815098438e-06   0.0000000000000000e+00  -6.1941684074289254e-08  -6.1941684074289254e-08
   0.0000000000000000e+00   3.0106819530165759e-06   8.0264589590171152e-06   0.0000000000000000e+00  -5.8527636738595435e-08  -5.8527636738595435e-08
   0.0000000000000000e+00   2.8279135419100047e-06   7.4659184928101401e-06   0.0000000000000000e+00  -5.5214958878398963e-08  -5.5214958878398963e-08
   0.0000000000000000e+00   2.6531620033560590e-06   6.9427167314057324e-06   0.0000000000000000e+00  -5.1977936267562723e-08  -5.1977936267562723e-08
   0.0000000000000000e+00   2.4836408591250368e-06   6.4548317953630636e-06   0.0000000000000000e+00  -4.8785702913369056e-08  -4.8785702913369056e-08
   0.0000000000000000e+00   2.3185421578283167e-06   6.0002606917220886e-06   0.0000000000000000e+00  -4.5639479392160915e-08  -4.5639479392160915e-08
   0.0000000000000000e+00   2.1595575292291724e-06   5.5770242878467253e-06   0.0000000000000000e+00  -4.2581022997594148e-08  -4.2581022997594148e-08
   0.0000000000000000e+00   2.0085387376732092e-06   5.1831449797021973e-06   0.0000000000000000e+00  -3.9654687990536908e-08  -3.9654687990536908e-08
   0.0000000000000000e+00   1.8673312994667143e-06   4.8166461117553754e-06   0.0000000000000000e+00  -3.6904692065335456e-08  -3.6904692065335456e-08
   0.0000000000000000e+00   1.7369124843889459e-06   4.4756828351442877e-06   0.0000000000000000e+00  -3.4356275217523267e-08  -3.4356275217523267e-08
   0.0000000000000000e+00   1.6165092847043012e-06   4.1586760069391394e-06   0.0000000000000000e+00  -3.1996420751150703e-08  -3.1996420751150703e-08
   0.0000000000000000e+00   1.5051383652955606e-06   3.8640784135656396e-06   0.0000000000000000e+00  -2.9807514739440091e-08  -2.9807514739440091e-08
   0.0000000000000000e+00   1.4018163910455053e-06   3.5903428414494937e-06   0.0000000000000000e+00  -2.7771943255613759e-08  -2.7771943255613759e-08
   0.0000000000000000e+00   1.3055600268369154e-06   3.3359220770164105e-06   0.0000000000000000e+00  -2.5872092372894027e-08  -2.5872092372894027e-08
   0.0000000000000000e+00   1.2153946312456043e-06   3.0992756971749110e-06   0.0000000000000000e+00  -2.4090501136344750e-08  -2.4090501136344750e-08
   0.0000000000000000e+00   1.1306703740810891e-06   2.8791169828799085e-06   0.0000000000000000e+00  -2.2415423880536718e-08  -2.2415423880536718e-08
   0.0000000000000000e+00   1.0511519093842782e-06   2.6744829610524558e-06   0.0000000000000000e+00  -2.0842408091054808e-08  -2.0842408091054808e-08
   0.0000000000000000e+00   9.7663085429446381e-07   2.4844317189910010e-06   0.0000000000000000e+00  -1.9367475688778228e-08  -1.9367475688778228e-08
   0.0000000000000000e+00   9.0689882595093851e-07   2.3080213439939904e-06   0.0000000000000000e+00  -1.7986648594586207e-08  -1.7986648594586207e-08
   0.0000000000000000e+00   8.4174744149299431e-07   2.1443099233598705e-06   0.0000000000000000e+00  -1.6695948729357955e-08  -1.6695948729357955e-08
   0.0000000000000000e+00   7.8096831805992374e-07   1.9923555443870884e-06   0.0000000000000000e+00  -1.5491398013972693e-08  -1.5491398013972693e-08
   0.0000000000000000e+00   7.2435307279101932e-07   1.8512162943740917e-06   0.0000000000000000e+00  -1.4369018369309634e-08  -1.4369018369309634e-08
   0.0000000000000000e+00   6.7169332282557335e-07   1.7199502606193266e-06   0.0000000000000000e+00  -1.3324831716248002e-08  -1.3324831716248002e-08
   0.0000000000000000e+00   6.2278164465906554e-07   1.5976428705615128e-06   0.0000000000000000e+00  -1.2354871132682741e-08  -1.2354871132682741e-08
   0.0000000000000000e+00   5.7742125180622542e-07   1.4836826899336993e-06   0.0000000000000000e+00  -1.1455293401752586e-08  -1.1455293401752586e-08
   0.0000000000000000e+00   5.3542198327148592e-07   1.3776471004897493e-06   0.0000000000000000e+00  -1.0622332358992237e-08  -1.0622332358992237e-08
   0.0000000000000000e+00   4.9659377830420566e-07   1.2791163408060092e-06   0.0000000000000000e+00  -9.8522230057538711e-09  -9.8522230057538711e-09
   0.0000000000000000e+00   4.6074657615374348e-07   1.1876706494588236e-06   0.0000000000000000e+00  -9.1412003433896647e-09  -9.1412003433896647e-09
   0.0000000000000000e+00   4.2769031606945789e-07   1.1028902650245383e-06   0.0000000000000000e+00  -8.4854993732517979e-09  -8.4854993732517979e-09
   0.0000000000000000e+00   3.9723493730070748e-07   1.0243554260794987e-06   0.0000000000000000e+00  -7.8813550966924441e-09  -7.8813550966924441e-09
   0.0000000000000000e+00   3.6919037909685100e-07   9.5164637120005043e-07   0.0000000000000000e+00  -7.3250025150637814e-09  -7.3250025150637814e-09
   0.0000000000000000e+00   3.4336658070724707e-07   8.8434333896253883e-07   0.0000000000000000e+00  -6.8126766297179878e-09  -6.8126766297179878e-09
   0.0000000000000000e+00   3.1957348138125437e-07   8.2202656794330951e-07   0.0000000000000000e+00  -6.3406124420072400e-09  -6.3406124420072400e-09
   0.0000000000000000e+00   2.9762102036823136e-07   7.6427629671870780e-07   0.0000000000000000e+00  -5.9050449532837160e-09  -5.9050449532837160e-09
   0.0000000000000000e+00   2.7731913691753694e-07   7.1067276386507900e-07   0.0000000000000000e+00  -5.5022091648995907e-09  -5.5022091648995907e-09
   0.0000000000000000e+00   2.5847777027852945e-07   6.6079620795876929e-07   0.0000000000000000e+00  -5.1283400782070439e-09  -5.1283400782070439e-09
   0.0000000000000000e+00   2.4090685970056781e-07   6.1422686757612315e-07   0.0000000000000000e+00  -4.7796726945582488e-09  -4.7796726945582488e-09
   0.0000000000000000e+00   2.2441645058440157e-07   5.7054520398540886e-07   0.0000000000000000e+00  -4.4524441173367867e-09  -4.4524441173367867e-09
   0.0000000000000000e+00   2.0885781008667207e-07   5.2941815638034412e-07   0.0000000000000000e+00  -4.1437077315082699e-09  -4.1437077315082699e-09
   0.0000000000000000e+00   1.9418571762490308e-07   4.9072981932287221e-07   0.0000000000000000e+00  -3.8525666928509392e-09  -3.8525666928509392e-09
   0.0000000000000000e+00   1.8037094168373526e-07   4.5439783037484576e-07   0.0000000000000000e+00  -3.5784407758973596e-09  -3.5784407758973596e-09
   0.0000000000000000e+00   1.6738425074780912e-07   4.2033982709811762e-07   0.0000000000000000e+00  -3.3207497551800937e-09  -3.3207497551800937e-09
   0.0000000000000000e+00   1.5519641330176536e-07   3.8847344705454045e-07   0.0000000000000000e+00  -3.0789134052317043e-09  -3.0789134052317043e-09
   0.0000000000000000e+00   1.4377819783024449e-07   3.5871632780596687e-07   0.0000000000000000e+00  -2.8523515005847559e-09  -2.8523515005847559e-09
   0.0000000000000000e+00   1.3310037281788723e-07   3.3098610691424960e-07   0.0000000000000000e+00  -2.6404838157718109e-09  -2.6404838157718109e-09
   0.0000000000000000e+00   1.2313370674933406e-07   3.0520042194124143e-07   0.0000000000000000e+00  -2.4427301253254335e-09  -2.4427301253254335e-09
   0.0000000000000000e+00   1.1384896810922570e-07   2.8127691044879501e-07   0.0000000000000000e+00  -2.2585102037781863e-09  -2.2585102037781863e-09
   0.0000000000000000e+00   1.0521692538220268e-07   2.5913320999876303e-07   0.0000000000000000e+00  -2.0872438256626328e-09  -2.0872438256626328e-09
   0.0000000000000000e+00   9.7208347052905619e-08   2.3868695815299819e-07   0.0000000000000000e+00  -1.9283507655113369e-09  -1.9283507655113369e-09
   0.0000000000000000e+00   8.9794001605975146e-08   2.1985579247335324e-07   0.0000000000000000e+00  -1.7812507978568615e-09  -1.7812507978568615e-09
   0.0000000000000000e+00   8.2944657526051829e-08   2.0255735052168082e-07   0.0000000000000000e+00  -1.6453636972317699e-09  -1.6453636972317699e-09
   0.0000000000000000e+00   7.6631083297776315e-08   1.8670926985983379e-07   0.0000000000000000e+00  -1.5201092381686254e-09  -1.5201092381686254e-09
   0.0000000000000000e+00   7.0824047405789144e-08   1.7222918804966463e-07   0.0000000000000000e+00  -1.4049071951999911e-09  -1.4049071951999911e-09
   0.0000000000000000e+00   6.5494318334731016e-08   1.5903474265302615e-07   0.0000000000000000e+00  -1.2991773428584316e-09  -1.2991773428584316e-09
   0.0000000000000000e+00   6.0612664569242418e-08   1.4704357123177109e-07   0.0000000000000000e+00  -1.2023394556765092e-09  -1.2023394556765092e-09
   0.0000000000000000e+00   5.6149854593964050e-08   1.3617331134775200e-07   0.0000000000000000e+00  -1.1138133081867874e-09  -1.1138133081867874e-09
   0.0000000000000000e+00   5.2076656893536479e-08   1.2634160056282177e-07   0.0000000000000000e+00  -1.0330186749218292e-09  -1.0330186749218292e-09
   0.0000000000000000e+00   4.8363839952600351e-08   1.1746607643883306e-07   0.0000000000000000e+00  -9.5937533041419925e-10  -9.5937533041419925e-10
   0.0000000000000000e+00   4.4982172255796182e-08   1.0946437653763846e-07   0.0000000000000000e+00  -8.9230304919645985e-10  -8.9230304919645985e-10
   0.0000000000000000e+00   4.1902422287764670e-08   1.0225413842109076e-07   0.0000000000000000e+00  -8.3122160580117319e-10  -8.3122160580117319e-10
   0.0000000000000000e+00   3.9095358533146382e-08   9.5752999651042725e-08   0.0000000000000000e+00  -7.7555077476090522e-10  -7.7555077476090522e-10
   0.0000000000000000e+00   3.6531749476581885e-08   8.9878597789346881e-08   0.0000000000000000e+00  -7.2471033060821732e-10  -7.2471033060821732e-10
   0.0000000000000000e+00   3.4182363602711853e-08   8.4548570397856034e-08   0.0000000000000000e+00  -6.7812004787567419e-10  -6.7812004787567419e-10
   0.0000000000000000e+00   3.2017969396176800e-08   7.9680555038423040e-08   0.0000000000000000e+00  -6.3519970109583848e-10  -6.3519970109583848e-10
   0.0000000000000000e+00   3.0009335341617479e-08   7.5192189272900331e-08   0.0000000000000000e+00  -5.9536906480127364e-10  -5.9536906480127364e-10
   0.0000000000000000e+00   2.8127229923674349e-08   7.1001110663140550e-08   0.0000000000000000e+00  -5.5804791352454230e-10  -5.5804791352454230e-10
   0.0000000000000000e+00   2.6342437312309087e-08   6.7025001693554253e-08   0.0000000000000000e+00  -5.2265633316598605e-10  -5.2265633316598605e-10
   0.0000000000000000e+00   2.4632746616568800e-08   6.3201606903825619e-08   0.0000000000000000e+00  -4.8875346398795767e-10  -4.8875346398795767e-10
   0.0000000000000000e+00   2.2993954834214807e-08   5.9520245194866555e-08   0.0000000000000000e+00  -4.5625591909387948e-10  -4.5625591909387948e-10
   0.0000000000000000e+00   2.1424712788158578e-08   5.5978408786044250e-08   0.0000000000000000e+00  -4.2513696259165880e-10  -4.2513696259165880e-10
   0.0000000000000000e+00   1.9923671301311584e-08   5.2573589896725892e-08   0.0000000000000000e+00  -3.9536985858920319e-10  -3.9536985858920319e-10
   0.0000000000000000e+00   1.8489481196585295e-08   4.9303280746278667e-08   0.0000000000000000e+00  -3.6692787119442013e-10  -3.6692787119442013e-10
   0.0000000000000000e+00   1.7120793296891184e-08   4.6164973554069779e-08   0.0000000000000000e+00  -3.3978426451521717e-10  -3.3978426451521717e-10
   0.0000000000000000e+00   1.5816258425140716e-08   4.3156160539466421e-08   0.0000000000000000e+00  -3.1391230265950185e-10  -3.1391230265950185e-10
   0.0000000000000000e+00   1.4574527404245374e-08   4.0274333921835768e-08   0.0000000000000000e+00  -2.8928524973518167e-10  -2.8928524973518167e-10
   0.0000000000000000e+00   1.3394251057116619e-08   3.7516985920545027e-08   0.0000000000000000e+00  -2.6587636985016422e-10  -2.6587636985016422e-10
   0.0000000000000000e+00   1.2274080206665925e-08   3.4881608754961381e-08   0.0000000000000000e+00  -2.4365892711235684e-10  -2.4365892711235684e-10
   0.0000000000000000e+00   1.1212665675804765e-08   3.2365694644452023e-08   0.0000000000000000e+00  -2.2260618562966718e-10  -2.2260618562966718e-10
   0.0000000000000000e+00   1.0208658287444610e-08   2.9966735808384155e-08   0.0000000000000000e+00  -2.0269140951000279e-10  -2.0269140951000279e-10
   0.0000000000000000e+00   9.2607088644969325e-09   2.7682224466124952e-08   0.0000000000000000e+00  -1.8388786286127104e-10  -1.8388786286127104e-10
   0.0000000000000000e+00   8.3674682298731961e-09   2.5509652837041608e-08   0.0000000000000000e+00  -1.6616880979137960e-10  -1.6616880979137960e-10
   0.0000000000000000e+00   7.5275872064848813e-09   2.3446513140501324e-08   0.0000000000000000e+00  -1.4950751440823595e-10  -1.4950751440823595e-10
   0.0000000000000000e+00   6.7397166172434551e-09   2.1490297595871295e-08   0.0000000000000000e+00  -1.3387724081974748e-10  -1.3387724081974748e-10
   0.0000000000000000e+00   6.0025072850603879e-09   1.9638498422518689e-08   0.0000000000000000e+00  -1.1925125313382195e-10  -1.1925125313382195e-10
   0.0000000000000000e+00   5.3146100328471499e-09   1.7888607839810727e-08   0.0000000000000000e+00  -1.0560281545836663e-10  -1.0560281545836663e-10
   0.0000000000000000e+00   4.6746756835152215e-09   1.6238118067114577e-08   0.0000000000000000e+00  -9.2905191901289237e-11  -9.2905191901289237e-11
   0.0000000000000000e+00   4.0813550599760597e-09   1.4684521323797447e-08   0.0000000000000000e+00  -8.1131646570497048e-11  -8.1131646570497048e-11
   0.0000000000000000e+00   3.5332989851411482e-09   1.3225309829226512e-08   0.0000000000000000e+00  -7.0255443573897920e-11  -7.0255443573897920e-11
   0.0000000000000000e+00   3.0291582819219505e-09   1.1857975802768979e-08   0.0000000000000000e+00  -6.0249847019399034e-11  -6.0249847019399034e-11
   0.0000000000000000e+00   2.5675837732299405e-09   1.0580011463792030e-08   0.0000000000000000e+00  -5.1088121014908195e-11  -5.1088121014908195e-11
   0.0000000000000000e+00   2.1472262819765917e-09   9.3889090316628589e-09   0.0000000000000000e+00  -4.2743529668332635e-11  -4.2743529668332635e-11
   0.0000000000000000e+00   1.7667366310733679e-09   8.2821607257486544e-09   0.0000000000000000e+00  -3.5189337087580108e-11  -3.5189337087580108e-11
   0.0000000000000000e+00   1.4247656434317460e-09   7.2572587654166174e-09   0.0000000000000000e+00  -2.8398807380558053e-11  -2.8398807380558053e-11
   0.0000000000000000e+00   1.1199641419631996e-09   6.3116953700339424e-09   0.0000000000000000e+00  -2.2345204655173913e-11  -2.2345204655173913e-11
   0.0000000000000000e+00   8.5098294957919916e-10   5.4429627589677910e-09   0.0000000000000000e+00  -1.7001793019335334e-11  -1.7001793019335334e-11
   0.0000000000000000e+00   6.1647288919120502e-10   4.6485531515853973e-09   0.0000000000000000e+00  -1.2341836580949759e-11  -1.2341836580949759e-11
   0.0000000000000000e+00   4.1508478371070407e-10   3.9259587672539296e-09   0.0000000000000000e+00  -8.3385994479246278e-12  -8.3385994479246278e-12
   0.0000000000000000e+00   2.4546945604915674e-10   3.2726718253405691e-09   0.0000000000000000e+00  -4.9653457281676922e-12  -4.9653457281676922e-12
   0.0000000000000000e+00   1.0627772911803665e-10   2.6861845452125104e-09   0.0000000000000000e+00  -2.1953395295861865e-12  -2.1953395295861865e-12
   0.0000000000000000e+00  -3.8395741711858382e-12   2.1639891462369745e-09   0.0000000000000000e+00  -1.8449600878621269e-15  -1.8449600878621269e-15
   0.0000000000000000e+00  -8.6231630907033779e-11   1.7035778477811295e-09   0.0000000000000000e+00   1.6418738724198399e-12   1.6418738724198399e-12
   0.0000000000000000e+00  -1.4224761817803352e-10   1.3024428692121436e-09   0.0000000000000000e+00   2.7625528600294783e-12   2.7625528600294783e-12
   0.0000000000000000e+00  -1.7323671307273127e-10   9.5807642989725102e-10   0.0000000000000000e+00   3.3869278948335086e-12   3.3869278948335086e-12
   0.0000000000000000e+00  -1.8054809267963684e-10   6.6797074920363306e-10   0.0000000000000000e+00   3.5417348689243864e-12   3.5417348689243864e-12
   0.0000000000000000e+00  -1.6553093408728320e-10   4.2961804649847107e-10   0.0000000000000000e+00   3.2537096743944635e-12   3.2537096743944635e-12
   0.0000000000000000e+00  -1.2953441438421324e-10   2.4051054114897285e-10   0.0000000000000000e+00   2.5495882033364023e-12   2.5495882033364023e-12
   0.0000000000000000e+00  -7.3907710658943388e-11   9.8140452522293276e-11   0.0000000000000000e+00   1.4561063478426583e-12   1.4561063478426583e-12
   0.0000000000000000e+00   0.0000000000000000e+00  -1.4363606464895793e-20   0.0000000000000000e+00   5.7125154894226792e-24   5.7125154894226792e-24
