  -1.2733285445245770e-05   8.4362195306401737e-04  -6.9096649117113742e-06   0.0000000000000000e+00
  -2.7237617745999624e-05   2.4949086627112376e-03  -5.8274427938006786e-05   0.0000000000000000e+00
  -1.2049350397185025e-04   4.0297828025936504e-03  -1.5199732858752651e-04   0.0000000000000000e+00
  -3.4814008825688952e-04   5.3543782233596848e-03  -2.8041964026766036e-04   0.0000000000000000e+00
  -7.3528131955710751e-04   6.3790215440512480e-03  -4.3645376970012000e-04   0.0000000000000000e+00
  -1.2635618102613765e-03   7.0367892624504415e-03  -6.1336826145215342e-04   0.0000000000000000e+00
  -1.9058945699820793e-03   7.2674738502130640e-03  -8.0450232752104622e-04   0.0000000000000000e+00
  -2.6239548001982952e-03   7.0591171145094030e-03  -1.0032698043841433e-03   0.0000000000000000e+00
  -3.3691203239541692e-03   6.4439724793244448e-03  -1.2031529080909057e-03   0.0000000000000000e+00
  -4.0925833811362592e-03   5.4562515650266562e-03  -1.3976545948385548e-03   0.0000000000000000e+00
  -4.7560800778370339e-03   4.1477316466346920e-03  -1.5812632414232237e-03   0.0000000000000000e+00
  -5.3370609156405376e-03   2.5963695464841651e-03  -1.7499358784265184e-03   0.0000000000000000e+00
  -5.8142572823548788e-03   8.8225599155426673e-04  -1.8997492469466049e-03   0.0000000000000000e+00
  -6.1676234431915838e-03  -9.1600948777900747e-04  -2.0269192901587606e-03   0.0000000000000000e+00
  -6.3945395184404862e-03  -2.7410767323587559e-03  -2.1296455639990735e-03   0.0000000000000000e+00
  -6.5053676319446621e-03  -4.5514260493914648e-03  -2.2076053864872372e-03   0.0000000000000000e+00
  -6.5107797984917714e-03  -6.3059156321436920e-03  -2.2605113510213619e-03   0.0000000000000000e+00
  -6.4215217147513201e-03  -7.9637106180917676e-03  -2.2880957913371221e-03   0.0000000000000000e+00
  -6.2510416592216535e-03  -9.4952345683984741e-03  -2.2908150981060158e-03   0.0000000000000000e+00
  -6.0162078219557187e-03  -1.0885157722288664e-02  -2.2700419009287734e-03   0.0000000000000000e+00
  -5.7341080377064256e-03  -1.2119065315553165e-02  -2.2272076750872180e-03   0.0000000000000000e+00
  -5.4218301412266873e-03  -1.3182542583982831e-02  -2.1637438958631719e-03   0.0000000000000000e+00
  -5.0957859296836367e-03  -1.4060836278041878e-02  -2.0811028511252116e-03   0.0000000000000000e+00
  -4.7678418986217561e-03  -1.4736917360669330e-02  -1.9808767610272338e-03   0.0000000000000000e+00
  -4.4479913381531332e-03  -1.5192818899388425e-02  -1.8647155144850343e-03   0.0000000000000000e+00
  -4.1462216985685522e-03  -1.5410571037781682e-02  -1.7342691801999570e-03   0.0000000000000000e+00
  -3.8725204301587974e-03  -1.5372203919431632e-02  -1.5911878268733434e-03   0.0000000000000000e+00
  -3.6351034179141844e-03  -1.5064948505203594e-02  -1.4371627585956347e-03   0.0000000000000000e+00
  -3.4342687724468923e-03  -1.4499280113828917e-02  -1.2740695755186018e-03   0.0000000000000000e+00
  -3.2681034547722139e-03  -1.3692165377136623e-02  -1.1038353450551759e-03   0.0000000000000000e+00
  -3.1346943258060266e-03  -1.2660571220819471e-02  -9.2838713694822481e-04   0.0000000000000000e+00
  -3.0321282464642056e-03  -1.1421464570570214e-02  -7.4965202094061920e-04   0.0000000000000000e+00
  -2.9576174797484988e-03  -9.9970410206578972e-03  -5.6954085727063187e-04   0.0000000000000000e+00
  -2.9036403091898988e-03  -8.4377976388626038e-03  -3.8987676818774247e-04   0.0000000000000000e+00
  -2.8610806961157946e-03  -6.8037629385256336e-03  -2.1245332730809012e-04   0.0000000000000000e+00
  -2.8208213924872765e-03  -5.1549726630256056e-03  -3.9064085833822699e-05   0.0000000000000000e+00
  -2.7737451502654353e-03  -3.5514625557411385e-03   1.2849740503291133e-04   0.0000000000000000e+00
  -2.7111790334644532e-03  -2.0508938476193964e-03   2.8852224866805635e-04   0.0000000000000000e+00
  -2.6286549438273377e-03  -6.8845608694693950e-04   4.4010269431205690e-04   0.0000000000000000e+00
  -2.5240218150168561e-03   5.1304396405020027e-04   5.8277245426770251e-04   0.0000000000000000e+00
  -2.3951527624544145e-03   1.5309287763866954e-03   7.1606984817751407e-04   0.0000000000000000e+00
  -2.2399209015614208e-03   2.3425208210772186e-03   8.3953319568401234e-04   0.0000000000000000e+00
  -2.0563752839739061e-03   2.9263475224474197e-03   9.5272690760578652e-04   0.0000000000000000e+00
  -1.8463025333698949e-03   3.2865342172059588e-03   1.0557696731993413e-03   0.0000000000000000e+00
  -1.6150628552976595e-03   3.4516810172846892e-03   1.1493101405700152e-03   0.0000000000000000e+00
  -1.3681595727863508e-03   3.4513682187282688e-03   1.2340181820116982e-03   0.0000000000000000e+00
  -1.1110960088651207e-03   3.3151761175813535e-03   1.3105636698182792e-03   0.0000000000000000e+00
  -8.4936176660651826e-04   3.0726446392729733e-03   1.3796161203698453e-03   0.0000000000000000e+00
  -5.8768348763606909e-04   2.7510687150089697e-03   1.4418252578185260e-03   0.0000000000000000e+00
  -3.2963861691053561e-04   2.3743617946729643e-03   1.4978109946365422e-03   0.0000000000000000e+00
  -7.8709546250469006e-05   1.9661576367663671e-03   1.5481907774921788e-03   0.0000000000000000e+00
   1.6162133252358004e-04   1.5500899997905910e-03   1.5935820530537195e-03   0.0000000000000000e+00
   3.8788275703232489e-04   1.1497263951834912e-03   1.6346010714993545e-03   0.0000000000000000e+00
   5.9779304414052370e-04   7.8155346393219186e-04   1.6717361952051566e-03   0.0000000000000000e+00
   7.9130084220812484e-04   4.4878198628675467e-04   1.7052360108497477e-03   0.0000000000000000e+00
   9.6860022644696916e-04   1.5316185979263766e-04   1.7353227200677707e-03   0.0000000000000000e+00
   1.1298852720688971e-03  -1.0355701800470044e-04   1.7622185244938722e-03   0.0000000000000000e+00
   1.2753547614077973e-03  -3.1965778319833430e-04   1.7861448980250846e-03   0.0000000000000000e+00
   1.4055225696085675e-03  -4.9563483003831478e-04   1.8072746001025022e-03   0.0000000000000000e+00
   1.5214107361534574e-03  -6.3554874818375225e-04   1.8257018261747847e-03   0.0000000000000000e+00
   1.6240874088554015e-03  -7.4378370631165112e-04   1.8415136431806237e-03   0.0000000000000000e+00
   1.7146207355273348e-03  -8.2472387309901526e-04   1.8547971180587113e-03   0.0000000000000000e+00
   1.7940697387687601e-03  -8.8271078276871918e-04   1.8656396157765347e-03   0.0000000000000000e+00
   1.8633209786219978e-03  -9.2128019694030100e-04   1.8741341339159347e-03   0.0000000000000000e+00
   1.9231070876374802e-03  -9.4324870341439915e-04   1.8803786973192382e-03   0.0000000000000000e+00
   1.9741552951942415e-03  -9.5140764551218378e-04   1.8844715072959550e-03   0.0000000000000000e+00
   2.0171928306713144e-03  -9.4854836655482459e-04   1.8865107651555920e-03   0.0000000000000000e+00
   2.0529149978805519e-03  -9.3723081767644841e-04   1.8865962745280519e-03   0.0000000000000000e+00
   2.0818724669339913e-03  -9.1896666454358781e-04   1.8848350981007010e-03   0.0000000000000000e+00
   2.1045749700777730e-03  -8.9497086071521896e-04   1.8813363532018466e-03   0.0000000000000000e+00
   2.1215322369746762e-03  -8.6645834102648024e-04   1.8762091572894542e-03   0.0000000000000000e+00
   2.1332490839951197e-03  -8.3462361090700353e-04   1.8695623314820124e-03   0.0000000000000000e+00
   2.1401482585387491e-03  -8.0031993407723621e-04   1.8614997470041026e-03   0.0000000000000000e+00
   2.1425846502714087e-03  -7.6411842268624608e-04   1.8521211823205235e-03   0.0000000000000000e+00
   2.1409111100668425e-03  -7.2658171161216895e-04   1.8415262929287169e-03   0.0000000000000000e+00
   2.1354800652566767e-03  -6.8826981446734983e-04   1.8298145846611859e-03   0.0000000000000000e+00
   2.1266259945517691e-03  -6.4963166239174943e-04   1.8170792209370363e-03   0.0000000000000000e+00
   2.1146591643351675e-03  -6.1096633850806262e-04   1.8034048093874850e-03   0.0000000000000000e+00
   2.0998881294103399e-03  -5.7256233311995305e-04   1.7888753528315213e-03   0.0000000000000000e+00
   2.0826203561634849e-03  -5.3470659960397034e-04   1.7735747036621008e-03   0.0000000000000000e+00
   2.0631179131224758e-03  -4.9762198614343228e-04   1.7575804400058756e-03   0.0000000000000000e+00
   2.0415820454897943e-03  -4.6144545380778312e-04   1.7409617338277265e-03   0.0000000000000000e+00
   2.0182097419730351e-03  -4.2630795317528600e-04   1.7237871688184751e-03   0.0000000000000000e+00
   1.9931978797902159e-03  -3.9233783202311591e-04   1.7061249237257064e-03   0.0000000000000000e+00
   1.9667414120867780e-03  -3.5961851932732244e-04   1.6880361888394976e-03   0.0000000000000000e+00
   1.9390336680135951e-03  -3.2819553079082518e-04   1.6695762559109765e-03   0.0000000000000000e+00
   1.9102679257889503e-03  -2.9811319306013436e-04   1.6508002316981262e-03   0.0000000000000000e+00
   1.8806265518934962e-03  -2.6940951258828027e-04   1.6317617959759072e-03   0.0000000000000000e+00
   1.8502319957978599e-03  -2.4208779126437478e-04   1.6125067928693549e-03   0.0000000000000000e+00
   1.8191862486243941e-03  -2.1613948128651470e-04   1.5930783910620067e-03   0.0000000000000000e+00
   1.7875914745485420e-03  -1.9155588982949163e-04   1.5735196812578845e-03   0.0000000000000000e+00
   1.7555596809079798e-03  -1.6832136218213794e-04   1.5538698466713377e-03   0.0000000000000000e+00
   1.7232172791843904e-03  -1.4641005584957028e-04   1.5341623524311415e-03   0.0000000000000000e+00
   1.6906918253527857e-03  -1.2579531885801380e-04   1.5144302093307934e-03   0.0000000000000000e+00
   1.6581001252106030e-03  -1.0644832300200166e-04   1.4947053310469796e-03   0.0000000000000000e+00
   1.6255041249167356e-03  -8.8329134465657739e-05   1.4750140325180175e-03   0.0000000000000000e+00
   1.5929483161135790e-03  -7.1394285996406192e-05   1.4553808473494699e-03   0.0000000000000000e+00
   1.5604783325081973e-03  -5.5600394346333463e-05   1.4358300991109271e-03   0.0000000000000000e+00
   1.5281598947889177e-03  -4.0905570267472183e-05   1.4163824538066157e-03   0.0000000000000000e+00
   1.4960758115475196e-03  -2.7269195450803331e-05   1.3970554659665682e-03   0.0000000000000000e+00
   1.4643092177320906e-03  -1.4650669379808801e-05   1.3778665753299236e-03   0.0000000000000000e+00
   1.4329189179669570e-03  -3.0068596230913399e-06   1.3588314810707121e-03   0.0000000000000000e+00
   1.4019175449933891e-03   7.7101710893031395e-06   1.3399625792762748e-03   0.0000000000000000e+00
   1.3713125745451855e-03   1.7548896687016304e-05   1.3212718971072029e-03   0.0000000000000000e+00
   1.3411183956362998e-03   2.6556260262029262e-05   1.3027707228392541e-03   0.0000000000000000e+00
   1.3113782808105126e-03   3.4772809100822032e-05   1.2844672577038798e-03   0.0000000000000000e+00
   1.2821430446603838e-03   4.2237420421245644e-05   1.2663688968455038e-03   0.0000000000000000e+00
   1.2534594331461563e-03   4.8989261774865580e-05   1.2484828370937396e-03   0.0000000000000000e+00
   1.2253352863677131e-03   5.5070277029928477e-05   1.2308143789469216e-03   0.0000000000000000e+00
   1.1977568280615617e-03   6.0523952595307651e-05   1.2133677692886967e-03   0.0000000000000000e+00
   1.1707106876858552e-03   6.5393609596399606e-05   1.1961472003679794e-03   0.0000000000000000e+00
   1.1442022582664180e-03   6.9717217386466545e-05   1.1791555887901777e-03   0.0000000000000000e+00
   1.1182583049204281e-03   7.3526649539707719e-05   1.1623943981763825e-03   0.0000000000000000e+00
   1.0929067230738710e-03   7.6853449916527378e-05   1.1458650121726572e-03   0.0000000000000000e+00
   1.0681622200120408e-03   7.9729870786090379e-05   1.1295684061406457e-03   0.0000000000000000e+00
   1.0440059852180026e-03   8.2189964846090077e-05   1.1135045177827266e-03   0.0000000000000000e+00
   1.0204139621959299e-03   8.4268066585072132e-05   1.0976731223938925e-03   0.0000000000000000e+00
   9.9736553297702043e-04   8.5997420003553743e-05   1.0820738486417775e-03   0.0000000000000000e+00
   9.7486384210983116e-04   8.7403733101747619e-05   1.0667053119010732e-03   0.0000000000000000e+00
   9.5292207140935687e-04   8.8509530679964452e-05   1.0515656995324228e-03   0.0000000000000000e+00
   9.3155286504865661e-04   8.9337352906299631e-05   1.0366531886385436e-03   0.0000000000000000e+00
   9.1075118730110356e-04   8.9910562098459884e-05   1.0219656867611329e-03   0.0000000000000000e+00
   8.9049139263521490e-04   9.0253478970033995e-05   1.0075007872093367e-03   0.0000000000000000e+00
   8.7074667197974554e-04   9.0390478340953022e-05   9.9325606555202809e-04   0.0000000000000000e+00
   8.5149560429874653e-04   9.0344190595869099e-05   9.7922897128402560e-04   0.0000000000000000e+00
   8.3273786972192410e-04   9.0130414386571084e-05   9.6541646015625118e-04   0.0000000000000000e+00
   8.1447831327587669e-04   8.9763276173064372e-05   9.5181536706676387e-04   0.0000000000000000e+00
   7.9672109824390608e-04   8.9256937638479785e-05   9.3842252642945033e-04   0.0000000000000000e+00
   7.7945561653438059e-04   8.8626323647625913e-05   9.2523476216761075e-04   0.0000000000000000e+00
   7.6265697655395186e-04   8.7887097040405179e-05   9.1224888806044587e-04   0.0000000000000000e+00
   7.4629970257512337e-04   8.7054950836746033e-05   8.9946171747230590e-04   0.0000000000000000e+00
   7.3036214306465954e-04   8.6144394605125709e-05   8.8687003098300056e-04   0.0000000000000000e+00
   7.1484015332054030e-04   8.5164520175435969e-05   8.7447045908754643e-04   0.0000000000000000e+00
   6.9973459542758412e-04   8.4122869955979168e-05   8.6225958935813910e-04   0.0000000000000000e+00
   6.8504619180688269e-04   8.3026996059173334e-05   8.5023401100867602e-04   0.0000000000000000e+00
   6.7076714630589997e-04   8.1885048296458378e-05   8.3839041330908081e-04   0.0000000000000000e+00
   6.5687639251135765e-04   8.0706107576686867e-05   8.2672564139686677e-04   0.0000000000000000e+00
   6.4335171467766103e-04   7.9499335450709832e-05   8.1523655390918132e-04   0.0000000000000000e+00
   6.3017185244257606e-04   7.8273624688057441e-05   8.0392001110784876e-04   0.0000000000000000e+00
   6.1732775124060768e-04   7.7034434159047534e-05   7.9277289401125312e-04   0.0000000000000000e+00
   6.0481878681407117e-04   7.5784851006205668e-05   7.8179209797393345e-04   0.0000000000000000e+00
   5.9264450262163694e-04   7.4527915187832649e-05   7.7097451863563878e-04   0.0000000000000000e+00
   5.8080237951574614e-04   7.3266871176433428e-05   7.6031709390092365e-04   0.0000000000000000e+00
   5.6927817695557833e-04   7.2006125659279248e-05   7.4981700185707825e-04   0.0000000000000000e+00
   5.5805351936071197e-04   7.0750495326443448e-05   7.3947150532237185e-04   0.0000000000000000e+00
   5.4711002713483568e-04   6.9504797167624450e-05   7.2927786721590528e-04   0.0000000000000000e+00
   5.3643288934751131e-04   6.8272965203057927e-05   7.1923337687218375e-04   0.0000000000000000e+00
   5.2601920661324265e-04   6.7055986264642954e-05   7.0933541179543386e-04   0.0000000000000000e+00
   5.1586856179821174e-04   6.5854233018506614e-05   6.9958136786360656e-04   0.0000000000000000e+00
   5.0598052553464245e-04   6.4668079741491796e-05   6.8996864125524260e-04   0.0000000000000000e+00
   4.9635087064839312e-04   6.3498400727425304e-05   6.8049472146144627e-04   0.0000000000000000e+00
   4.8696621105349936e-04   6.2347276127153645e-05   6.7115732300889797e-04   0.0000000000000000e+00
   4.7781180768896754e-04   6.1216964223431112e-05   6.6195419366703876e-04   0.0000000000000000e+00
   4.6887294828489257e-04   6.0109717540272415e-05   6.5288308145272872e-04   0.0000000000000000e+00
   4.6013932727450316e-04   5.9026841381666698e-05   6.4394177507922420e-04   0.0000000000000000e+00
   4.5160990916771594e-04   5.7967648450328815e-05   6.3512814886997667e-04   0.0000000000000000e+00
   4.4328483007756593e-04   5.6931199613099576e-05   6.2644008796832406e-04   0.0000000000000000e+00
   4.3516420830526782e-04   5.5916558582918734e-05   6.1787547795402048e-04   0.0000000000000000e+00
   4.2724476542007548e-04   5.4923331826649074e-05   6.0943228763194596e-04   0.0000000000000000e+00
   4.1951582277399620e-04   5.3952308270348878e-05   6.0110866712361388e-04   0.0000000000000000e+00
   4.1196572749006133e-04   5.3004432509291710e-05   5.9290279042063766e-04   0.0000000000000000e+00
   4.0458283198540229e-04   5.2080648141519089e-05   5.8481283155952511e-04   0.0000000000000000e+00
   3.9735850339290901e-04   5.1181330893135337e-05   5.7683699014212579e-04   0.0000000000000000e+00
   3.9029215778662023e-04   5.0305340338086544e-05   5.6897353402678478e-04   0.0000000000000000e+00
   3.8338454008282949e-04   4.9451285740742087e-05   5.6122074234067295e-04   0.0000000000000000e+00
   3.7663639519686267e-04   4.8617776365643932e-05   5.5357689421098213e-04   0.0000000000000000e+00
   3.7004676584997845e-04   4.7803725087936954e-05   5.4604030610740735e-04   0.0000000000000000e+00
   3.6360805447096134e-04   4.7009229173688642e-05   5.3860944017348220e-04   0.0000000000000000e+00
   3.5731104449922952e-04   4.6234674658823611e-05   5.3128279406991030e-04   0.0000000000000000e+00
   3.5114651937420135e-04   4.5480447579266487e-05   5.2405886545739487e-04   0.0000000000000000e+00
   3.4510624063790541e-04   4.4746768005012425e-05   5.1693615842424840e-04   0.0000000000000000e+00
   3.3918863575262744e-04   4.4032724922630911e-05   5.0991322086392998e-04   0.0000000000000000e+00
   3.3339491300114895e-04   4.3336935464866092e-05   5.0298861894408305e-04   0.0000000000000000e+00
   3.2772628991369253e-04   4.2658015195342316e-05   4.9616091889311984e-04   0.0000000000000000e+00
   3.2218368891506684e-04   4.1994634789665275e-05   4.8942869245525685e-04   0.0000000000000000e+00
   3.1676344833299190e-04   4.1346321019808840e-05   4.8279059705588480e-04   0.0000000000000000e+00
   3.1145828946266426e-04   4.0713276151382145e-05   4.7624535772620465e-04   0.0000000000000000e+00
   3.0626083531696700e-04   4.0095720804564502e-05   4.6979170133440814e-04   0.0000000000000000e+00
   3.0116375151545953e-04   3.9493868850645445e-05   4.6342835494847621e-04   0.0000000000000000e+00
   2.9616283706546202e-04   3.8907437832865671e-05   4.5715406032933927e-04   0.0000000000000000e+00
   2.9125911221432701e-04   3.8335318250998652e-05   4.5096758372114556e-04   0.0000000000000000e+00
   2.8645409182710761e-04   3.7776322257464412e-05   4.4486769368738330e-04   0.0000000000000000e+00
   2.8174929076885667e-04   3.7229262004682970e-05   4.3885315879154107e-04   0.0000000000000000e+00
   2.7714505917042530e-04   3.6693167185289195e-05   4.3292276622086570e-04   0.0000000000000000e+00
   2.7263672861203852e-04   3.6168004818716461e-05   4.2707538340775732e-04   0.0000000000000000e+00
   2.6821827930021677e-04   3.5653994323722824e-05   4.2130989939268563e-04   0.0000000000000000e+00
   2.6388369142238204e-04   3.5151355122633336e-05   4.1562520321642522e-04   0.0000000000000000e+00
   2.5962722167218512e-04   3.4660264465191381e-05   4.1002018489055841e-04   0.0000000000000000e+00
   2.5544726657360277e-04   3.4180268196439315e-05   4.0449374896151641e-04   0.0000000000000000e+00
   2.5134541076796938e-04   3.3710425911470027e-05   3.9904481116913786e-04   0.0000000000000000e+00
   2.4732332097933082e-04   3.3249784686165281e-05   3.9367228754145215e-04   0.0000000000000000e+00
   2.4338265711519865e-04   3.2797392834602688e-05   3.8837509420395697e-04   0.0000000000000000e+00
   2.3952326110858696e-04   3.2352628898574396e-05   3.8315217327714415e-04   0.0000000000000000e+00
   2.3574071825556802e-04   3.1915644620756705e-05   3.7800252774663394e-04   0.0000000000000000e+00
   2.3203000548927281e-04   3.1486702250493592e-05   3.7292516929695322e-04   0.0000000000000000e+00
   2.2838609974283237e-04   3.1066064037129058e-05   3.6791910961262938e-04   0.0000000000000000e+00
   2.2480440967353519e-04   3.0653927519930482e-05   3.6298336175557574e-04   0.0000000000000000e+00
   2.2128440585869407e-04   3.0249881406921358e-05   3.5811695174698527e-04   0.0000000000000000e+00
   2.1782778674083551e-04   2.9853180476864776e-05   3.5331891271590262e-04   0.0000000000000000e+00
   2.1443627365980505e-04   2.9463076076500753e-05   3.4858827786442531e-04   0.0000000000000000e+00
   2.1111157502411355e-04   2.9078821804010566e-05   3.4392408056944148e-04   0.0000000000000000e+00
   2.0785356741860316e-04   2.8699990191659862e-05   3.3932537896835054e-04   0.0000000000000000e+00
   2.0465841617353824e-04   2.8326799928656571e-05   3.3479128136307371e-04   0.0000000000000000e+00
   2.0152183797367875e-04   2.7959547816717778e-05   3.3032090211981233e-04   0.0000000000000000e+00
   1.9843954950378472e-04   2.7598530657560610e-05   3.2591335560476801e-04   0.0000000000000000e+00
   1.9540762391566483e-04   2.7243992367960010e-05   3.2156775743690815e-04   0.0000000000000000e+00
   1.9242570272573858e-04   2.6895647467214682e-05   3.1728323577584293e-04   0.0000000000000000e+00
   1.8949548285738697e-04   2.6552905537382647e-05   3.1305892600469432e-04   0.0000000000000000e+00
   1.8661868593474658e-04   2.6215172495953111e-05   3.0889396359339271e-04   0.0000000000000000e+00
   1.8379703038274683e-04   2.5881854791375105e-05   3.0478748405435226e-04   0.0000000000000000e+00
   1.8103085931739883e-04   2.5552587126709377e-05   3.0073864116343950e-04   0.0000000000000000e+00
   1.7831700239290049e-04   2.5227587320454363e-05   2.9674663535363279e-04   0.0000000000000000e+00
   1.7565173625249910e-04   2.4907164972160848e-05   2.9281067440163448e-04   0.0000000000000000e+00
   1.7303133753944196e-04   2.4591629681379584e-05   2.8892996608414698e-04   0.0000000000000000e+00
   1.7045224796219865e-04   2.4281266818733185e-05   2.8510371885916359e-04   0.0000000000000000e+00
   1.6791372810338060e-04   2.3975947989314503e-05   2.8133115281931201e-04   0.0000000000000000e+00
   1.6541740213431061e-04   2.3675197861288395e-05   2.7761149781270743e-04   0.0000000000000000e+00
   1.6296496734776911e-04   2.3378530369762067e-05   2.7394398398926677e-04   0.0000000000000000e+00
   1.6055812103653658e-04   2.3085459449842738e-05   2.7032784149890685e-04   0.0000000000000000e+00
   1.5819783117468350e-04   2.2795614590160493e-05   2.6676231012037163e-04   0.0000000000000000e+00
   1.5588174973618123e-04   2.2509150667612674e-05   2.6324667341188118e-04   0.0000000000000000e+00
   1.5360658675524943e-04   2.2226371800375034e-05   2.5978022736761089e-04   0.0000000000000000e+00
   1.5136905220158371e-04   2.1947582116846552e-05   2.5636226798258810e-04   0.0000000000000000e+00
   1.4916588431600059e-04   2.1673081655754523e-05   2.5299209138510262e-04   0.0000000000000000e+00
   1.4699562825538353e-04   2.1402909069179948e-05   2.4966900222076898e-04   0.0000000000000000e+00
   1.4485969544317503e-04   2.1136688377989409e-05   2.4639231864602418e-04   0.0000000000000000e+00
   1.4275975168667876e-04   2.0874006804138040e-05   2.4316136001640361e-04   0.0000000000000000e+00
   1.4069746279319844e-04   2.0614451569580986e-05   2.3997544568744267e-04   0.0000000000000000e+00
   1.3867426092100717e-04   2.0357645360144189e-05   2.3683389805480854e-04   0.0000000000000000e+00
   1.3668891637559226e-04   2.0103614884743766e-05   2.3373607414895216e-04   0.0000000000000000e+00
   1.3473850758300454e-04   1.9852643650253182e-05   2.3068135301426829e-04   0.0000000000000000e+00
   1.3282008589275419e-04   1.9605019273295162e-05   2.2766911404745917e-04   0.0000000000000000e+00
   1.3093070265436923e-04   1.9361029370489933e-05   2.2469873664522692e-04   0.0000000000000000e+00
   1.2906817986324716e-04   1.9120852310274356e-05   2.2176960412003600e-04   0.0000000000000000e+00
   1.2723339585810655e-04   1.8884233188205007e-05   2.1888111531406912e-04   0.0000000000000000e+00
   1.2542798655920274e-04   1.8650809703679074e-05   2.1603267291888946e-04   0.0000000000000000e+00
   1.2365358788679105e-04   1.8420219556093737e-05   2.1322367962606017e-04   0.0000000000000000e+00
   1.2191181236368882e-04   1.8192103858562265e-05   2.1045353842141901e-04   0.0000000000000000e+00
   1.2020271554652568e-04   1.7966330887552889e-05   2.0772167187310323e-04   0.0000000000000000e+00
   1.1852384727292740e-04   1.7743134507136192e-05   2.0502753406421835e-04   0.0000000000000000e+00
   1.1687253065881894e-04   1.7522781660368416e-05   2.0237058192939749e-04   0.0000000000000000e+00
   1.1524608882012525e-04   1.7305539290305810e-05   1.9975027240327390e-04   0.0000000000000000e+00
   1.1364201885137801e-04   1.7091650283749723e-05   1.9716606331895728e-04   0.0000000000000000e+00
   1.1206018524286775e-04   1.6881030184520221e-05   1.9461742473548388e-04   0.0000000000000000e+00
   1.1050216135366984e-04   1.6673358248862455e-05   1.9210383553698961e-04   0.0000000000000000e+00
   1.0896955841370198e-04   1.6468308496569519e-05   1.8962477480318672e-04   0.0000000000000000e+00
   1.0746398765288189e-04   1.6265554947434493e-05   1.8717972161378730e-04   0.0000000000000000e+00
   1.0598653020900787e-04   1.6064846165667317e-05   1.8476816135001725e-04   0.0000000000000000e+00
   1.0453557743015569e-04   1.5866308968236114e-05   1.8238961136819942e-04   0.0000000000000000e+00
   1.0310866958238787e-04   1.5670189855858398e-05   1.8004359914196416e-04   0.0000000000000000e+00
   1.0170334659713253e-04   1.5476735376309779e-05   1.7772965214891978e-04   0.0000000000000000e+00
   1.0031715483452184e-04   1.5286191213321468e-05   1.7544729789875164e-04   0.0000000000000000e+00
   9.8948817343785022e-05   1.5098644898751559e-05   1.7319606977239812e-04   0.0000000000000000e+00
   9.7599596490884611e-05   1.4913842669804414e-05   1.7097551382107013e-04   0.0000000000000000e+00
   9.6271085278204651e-05   1.4731486324784160e-05   1.6878517774573468e-04   0.0000000000000000e+00
   9.4964876708129184e-05   1.4551277661994925e-05   1.6662460924735892e-04   0.0000000000000000e+00
   9.3682482922405477e-05   1.4372929456479838e-05   1.6449335691604223e-04   0.0000000000000000e+00
   9.2423556268134521e-05   1.4196406948279234e-05   1.6239098979192723e-04   0.0000000000000000e+00
   9.1185889297771072e-05   1.4021927842430645e-05   1.6031709736520001e-04   0.0000000000000000e+00
   8.9967193703133002e-05   1.3849720820710613e-05   1.5827127001517884e-04   0.0000000000000000e+00
   8.8765181176038278e-05   1.3680014564895676e-05   1.5625309812118210e-04   0.0000000000000000e+00
   8.7577879115999769e-05   1.3512996590960694e-05   1.5426217352226848e-04   0.0000000000000000e+00
   8.6405739585333633e-05   1.3348538257911021e-05   1.5229809926843138e-04   0.0000000000000000e+00
   8.5250338206188870e-05   1.3186364421381977e-05   1.5036048360467764e-04   0.0000000000000000e+00
   8.4113256739152981e-05   1.3026199136604769e-05   1.4844893480439638e-04   0.0000000000000000e+00
   8.2996076637729599e-05   1.2867766499085864e-05   1.4656306114404200e-04   0.0000000000000000e+00
   8.1899598343049501e-05   1.2710893037201062e-05   1.4470247869580728e-04   0.0000000000000000e+00
   8.0822153957093215e-05   1.2555729011792371e-05   1.4286682816981285e-04   0.0000000000000000e+00
   7.9761589132242364e-05   1.2402488483495420e-05   1.4105575513171541e-04   0.0000000000000000e+00
   7.8715749520878544e-05   1.2251385512945839e-05   1.3926890514717180e-04   0.0000000000000000e+00
   7.7682513735605088e-05   1.2102629996515907e-05   1.3750592391838172e-04   0.0000000000000000e+00
   7.6661247672921712e-05   1.1956243924019364e-05   1.3576646330885490e-04   0.0000000000000000e+00
   7.5653377650596222e-05   1.1811988967337047e-05   1.3405018371772377e-04   0.0000000000000000e+00
   7.4660481405617362e-05   1.1669607667728666e-05   1.3235674617139898e-04   0.0000000000000000e+00
   7.3684136674973932e-05   1.1528842566453933e-05   1.3068581169629106e-04   0.0000000000000000e+00
   7.2725730347539180e-05   1.1389460382592494e-05   1.2903704302093499e-04   0.0000000000000000e+00
   7.1784540066587293e-05   1.1251495047505116e-05   1.2741012168567372e-04   0.0000000000000000e+00
   7.0858532863917357e-05   1.1115146528922181e-05   1.2580474091985016e-04   0.0000000000000000e+00
   6.9945656076006302e-05   1.0980617289699328e-05   1.2422059412846461e-04   0.0000000000000000e+00
   6.9043857039331033e-05   1.0848109792692196e-05   1.2265737471651737e-04   0.0000000000000000e+00
   6.8151683626007709e-05   1.0717753035996731e-05   1.2111477825864692e-04   0.0000000000000000e+00
   6.7270106474548834e-05   1.0589379635713382e-05   1.1959250908255475e-04   0.0000000000000000e+00
   6.6400707115215802e-05   1.0462747476298714e-05   1.1809027372299558e-04   0.0000000000000000e+00
   6.5545067078283978e-05   1.0337614442207584e-05   1.1660777871472416e-04   0.0000000000000000e+00
   6.4704747000303054e-05   1.0213740976337348e-05   1.1514473075676984e-04   0.0000000000000000e+00
   6.3880001971977518e-05   1.0091047386035932e-05   1.1370084681287832e-04   0.0000000000000000e+00
   6.3069033054173970e-05   9.9697054951741861e-06   1.1227585999638795e-04   0.0000000000000000e+00
   6.2269861011507137e-05   9.8499092049489694e-06   1.1086950483819708e-04   0.0000000000000000e+00
   6.1480506608591748e-05   9.7318524165571420e-06   1.0948151586920433e-04   0.0000000000000000e+00
   6.0699174024419166e-05   9.6157072807458407e-06   1.0811162818566689e-04   0.0000000000000000e+00
   5.9926134056876746e-05   9.5014008753774058e-06   1.0675958325401338e-04   0.0000000000000000e+00
   5.9162960315998014e-05   9.3887057825183634e-06   1.0542512655647662e-04   0.0000000000000000e+00
   5.8411246795696191e-05   9.2773921669844090e-06   1.0410800363812085e-04   0.0000000000000000e+00
   5.7672587444280089e-05   9.1672301989942394e-06   1.0280796004432291e-04   0.0000000000000000e+00
   5.6947910464570925e-05   9.0580689229299484e-06   1.0152474588168385e-04   0.0000000000000000e+00
   5.6235800372228372e-05   8.9500350513930767e-06   1.0025812731411685e-04   0.0000000000000000e+00
   5.5534326214020180e-05   8.8433163671364116e-06   9.9007874037168890e-05   0.0000000000000000e+00
   5.4841557036714077e-05   8.7381006529127420e-06   9.7773755746386886e-05   0.0000000000000000e+00
   5.4155609734735906e-05   8.6345701929572613e-06   9.6555542260937704e-05   0.0000000000000000e+00
   5.3476147837225542e-05   8.5327295366165731e-06   9.5353007395894722e-05   0.0000000000000000e+00
   5.2804679427995688e-05   8.4323712622293419e-06   9.4165929731948104e-05   0.0000000000000000e+00
   5.2142820602714689e-05   8.3332755357171449e-06   9.2994088128848889e-05   0.0000000000000000e+00
   5.1492187457050968e-05   8.2352225230015594e-06   9.1837261446348073e-05   0.0000000000000000e+00
   5.0854038404576006e-05   8.1380333393560145e-06   9.0695230656736791e-05   0.0000000000000000e+00
   5.0227359385979383e-05   8.0417892648550660e-06   8.9567790153973303e-05   0.0000000000000000e+00
   4.9610246805536892e-05   7.9466734184405346e-06   8.8454739585791078e-05   0.0000000000000000e+00
   4.9000794998308285e-05   7.8528691559491121e-06   8.7355878612144756e-05   0.0000000000000000e+00
   4.8397112921971643e-05   7.7605582063980378e-06   8.6271006924226222e-05   0.0000000000000000e+00
   4.7798526316071914e-05   7.6697869273975434e-06   8.5199926812547900e-05   0.0000000000000000e+00
   4.7206473358923573e-05   7.5803666600637317e-06   8.4142445080267951e-05   0.0000000000000000e+00
   4.6622603254029353e-05   7.4920852681932168e-06   8.3098368981342032e-05   0.0000000000000000e+00
   4.6048565204891980e-05   7.4047306155826047e-06   8.2067505769725673e-05   0.0000000000000000e+00
   4.5485743059800501e-05   7.3181199373435490e-06   8.1049664035902954e-05   0.0000000000000000e+00
   4.4933325613840373e-05   7.2323134319660295e-06   8.0044663426296912e-05   0.0000000000000000e+00
   4.4389418214349617e-05   7.1474912212860811e-06   7.9052329044388417e-05   0.0000000000000000e+00
   4.3852118560317915e-05   7.0638342737108209e-06   7.8072486032181130e-05   0.0000000000000000e+00
   4.3319536563623200e-05   6.9815222409991975e-06   7.7104959553039225e-05   0.0000000000000000e+00
   4.2790970426731731e-05   6.9006066675703219e-06   7.6149576848657307e-05   0.0000000000000000e+00
   4.2267884884135909e-05   6.8209055281615833e-06   7.5206168950013076e-05   0.0000000000000000e+00
   4.1751974941778134e-05   6.7422119723849284e-06   7.4274567290831038e-05   0.0000000000000000e+00
   4.1244935605600840e-05   6.6643191498523106e-06   7.3354603304835684e-05   0.0000000000000000e+00
   4.0748133091765124e-05   6.5870553873435261e-06   7.2446109821730408e-05   0.0000000000000000e+00
   4.0260633116789075e-05   6.5104951417393012e-06   7.1548929438702881e-05   0.0000000000000000e+00
   3.9780518872784767e-05   6.4348179900545786e-06   7.0662908924552616e-05   0.0000000000000000e+00
   3.9305869867868089e-05   6.3602039034544831e-06   6.9787895063720719e-05   0.0000000000000000e+00
   3.8834804863817617e-05   6.2868287620480755e-06   6.8923734696680708e-05   0.0000000000000000e+00
   3.8366967246555025e-05   6.2147095480885212e-06   6.8070276840223452e-05   0.0000000000000000e+00
   3.7903980155114860e-05   6.1436569119758008e-06   6.7227373337128748e-05   0.0000000000000000e+00
   3.7447598959571085e-05   6.0734677228584670e-06   6.6394876218928958e-05   0.0000000000000000e+00
   3.6999579020578306e-05   6.0039388508571248e-06   6.5572637517189743e-05   0.0000000000000000e+00
   3.6561009195467207e-05   5.9349359472599220e-06   6.4760511616036967e-05   0.0000000000000000e+00
   3.6130503170813400e-05   5.8665800936406080e-06   6.3958361636219966e-05   0.0000000000000000e+00
   3.5706100181274070e-05   5.7990516533082700e-06   6.3166052726133977e-05   0.0000000000000000e+00
   3.5285839461506423e-05   5.7325309895719914e-06   6.2383450034174235e-05   0.0000000000000000e+00
   3.4867971272717321e-05   5.6671771951677372e-06   6.1610418956171907e-05   0.0000000000000000e+00
   3.4452973496087759e-05   5.6029248282711675e-06   6.0846827499919153e-05   0.0000000000000000e+00
   3.4042660859432611e-05   5.5395736986382846e-06   6.0092545240706852e-05   0.0000000000000000e+00
   3.3638866268525044e-05   5.4769217837646818e-06   5.9347441775140110e-05   0.0000000000000000e+00
   3.3243378515196156e-05   5.4147714672949226e-06   5.8611386826994920e-05   0.0000000000000000e+00
   3.2856362888968012e-05   5.3530872900667554e-06   5.7884254800250435e-05   0.0000000000000000e+00
   3.2475927110855775e-05   5.2920393051195452e-06   5.7165926030407079e-05   0.0000000000000000e+00
   3.2100046444032906e-05   5.2318107955273220e-06   5.6456281234812419e-05   0.0000000000000000e+00
   3.1726699657263496e-05   5.1725847016561207e-06   5.5755201134257725e-05   0.0000000000000000e+00
   3.1354919693959727e-05   5.1144409073212677e-06   5.5062567485123545e-05   0.0000000000000000e+00
   3.0986266465438518e-05   5.0572122589079200e-06   5.4378264526206915e-05   0.0000000000000000e+00
   3.0622670669616108e-05   5.0006953545495348e-06   5.3702176860554442e-05   0.0000000000000000e+00
   3.0266063004408776e-05   4.9446867923795697e-06   5.3034189091212741e-05   0.0000000000000000e+00
   2.9917716676980895e-05   4.8890467285274392e-06   5.2374187331979665e-05   0.0000000000000000e+00
   2.9576208193095978e-05   4.8338960025409035e-06   5.1722063893006551e-05   0.0000000000000000e+00
   2.9239422777351362e-05   4.7794222783990026e-06   5.1077712672838040e-05   0.0000000000000000e+00
   2.8905245653951423e-05   4.7258132201187589e-06   5.0441027570019673e-05   0.0000000000000000e+00
   2.8572008725690916e-05   4.6732142144941951e-06   4.9811902864288623e-05   0.0000000000000000e+00
   2.8240749475860656e-05   4.6215145706105505e-06   4.9190235144300863e-05   0.0000000000000000e+00
   2.7913518757834044e-05   4.5705076841292166e-06   4.8575921863513607e-05   0.0000000000000000e+00
   2.7592369204549477e-05   4.5199867822793528e-06   4.7968860476902722e-05   0.0000000000000000e+00
   2.7278999168294047e-05   4.4697782718428490e-06   4.7368949066686613e-05   0.0000000000000000e+00
   2.6972415895002392e-05   4.4199605905966996e-06   4.6776090479601480e-05   0.0000000000000000e+00
   2.6670391401067475e-05   4.3707278596428233e-06   4.6190189749317878e-05   0.0000000000000000e+00
   2.6370691225572050e-05   4.3222748067046268e-06   4.5611151920974276e-05   0.0000000000000000e+00
   2.6071430433743967e-05   4.2747639718694403e-06   4.5038882310948550e-05   0.0000000000000000e+00
   2.5773489646928030e-05   4.2281032169549518e-06   4.4473288381746745e-05   0.0000000000000000e+00
   2.5479064144935794e-05   4.1820793377330596e-06   4.3914278616076770e-05   0.0000000000000000e+00
   2.5190357200205091e-05   4.1364783939398872e-06   4.3361761502848985e-05   0.0000000000000000e+00
   2.4909138394140147e-05   4.0911260561892163e-06   4.2815646096255228e-05   0.0000000000000000e+00
   2.4634241453565372e-05   4.0461161393901081e-06   4.2275845277138592e-05   0.0000000000000000e+00
   2.4363282732824048e-05   4.0016536463450244e-06   4.1742273513089653e-05   0.0000000000000000e+00
   2.4093874664710249e-05   3.9579439380284694e-06   4.1214845276810388e-05   0.0000000000000000e+00
   2.3824289393393493e-05   3.9151328922290804e-06   4.0693475523280493e-05   0.0000000000000000e+00
   2.3555964810402768e-05   3.8730809456386426e-06   4.0178081521778572e-05   0.0000000000000000e+00
   2.3291287256407823e-05   3.8315630175869115e-06   3.9668581234940800e-05   0.0000000000000000e+00
   2.3032641952679361e-05   3.7903541279482973e-06   3.9164892626716113e-05   0.0000000000000000e+00
   2.2781269126955636e-05   3.7493321940428458e-06   3.8666934706706185e-05   0.0000000000000000e+00
   2.2535163350155702e-05   3.7086668115159707e-06   3.8174629448572946e-05   0.0000000000000000e+00
   2.2291748057001651e-05   3.6685789024652572e-06   3.7687899347562175e-05   0.0000000000000000e+00
   2.2048486608625024e-05   3.6292858153998368e-06   3.7206666926059662e-05   0.0000000000000000e+00
   2.1804849277901545e-05   3.5908252714410194e-06   3.6730856070650263e-05   0.0000000000000000e+00
   2.1563212039060979e-05   3.5529749187171053e-06   3.6260392643070572e-05   0.0000000000000000e+00
   2.1326178304064912e-05   3.5154920486836221e-06   3.5795202659658056e-05   0.0000000000000000e+00
   2.1096082463941030e-05   3.4781581371728842e-06   3.5335212310277763e-05   0.0000000000000000e+00
   2.0872152777672203e-05   3.4410338943006862e-06   3.4880349788354204e-05   0.0000000000000000e+00
   2.0651623586033192e-05   3.4043592789443421e-06   3.4430544573456127e-05   0.0000000000000000e+00
   2.0431696531230999e-05   3.3683771894722356e-06   3.3985726166345914e-05   0.0000000000000000e+00
   2.0210646116995753e-05   3.3332336159087505e-06   3.3545824657602979e-05   0.0000000000000000e+00
   1.9990498236163522e-05   3.2987356966202549e-06   3.3110772200172959e-05   0.0000000000000000e+00
   1.9774098235446061e-05   3.2646165511772481e-06   3.2680501397504975e-05   0.0000000000000000e+00
   1.9564178163701407e-05   3.2306197057880996e-06   3.2254944919465623e-05   0.0000000000000000e+00
   1.9360699661495906e-05   3.1967431542869568e-06   3.1834037059989606e-05   0.0000000000000000e+00
   1.9160759333888081e-05   3.1632480498356486e-06   3.1417713792552132e-05   0.0000000000000000e+00
   1.8961321555946966e-05   3.1304076911889792e-06   3.1005911168144271e-05   0.0000000000000000e+00
   1.8760349091796689e-05   3.0984012840076223e-06   3.0598565459874150e-05   0.0000000000000000e+00
   1.8559883620064863e-05   3.0670236169914010e-06   3.0195613848308547e-05   0.0000000000000000e+00
   1.8363008341713435e-05   3.0359713206536693e-06   2.9796993745727431e-05   0.0000000000000000e+00
   1.8172622559581041e-05   3.0049591079170953e-06   2.9402642725237501e-05   0.0000000000000000e+00
   1.7988368183932860e-05   2.9740219858977065e-06   2.9012501208666753e-05   0.0000000000000000e+00
   1.7807092805809079e-05   2.9434697226443862e-06   2.8626512061588163e-05   0.0000000000000000e+00
   1.7625559619461829e-05   2.9136203504614067e-06   2.8244618225882667e-05   0.0000000000000000e+00
   1.7442281157232990e-05   2.8846102074091925e-06   2.7866761818373566e-05   0.0000000000000000e+00
   1.7259911385487551e-05   2.8561454832951185e-06   2.7492883002618740e-05   0.0000000000000000e+00
   1.7081703551912195e-05   2.8278701238313584e-06   2.7122921659531106e-05   0.0000000000000000e+00
   1.6910245836622142e-05   2.7995024198438820e-06   2.6756818797544492e-05   0.0000000000000000e+00
   1.6743877145423720e-05   2.7712356707075625e-06   2.6394522629090973e-05   0.0000000000000000e+00
   1.6579264435973618e-05   2.7434500758669487e-06   2.6035984201136416e-05   0.0000000000000000e+00
   1.6413253331737827e-05   2.7165039986943295e-06   2.5681154250958293e-05   0.0000000000000000e+00
   1.6246049490834804e-05   2.6903459175354793e-06   2.5329977694558482e-05   0.0000000000000000e+00
   1.6080808504383816e-05   2.6645644533265536e-06   2.4982394337166293e-05   0.0000000000000000e+00
   1.5920763066326763e-05   2.6387391233124158e-06   2.4638343885375701e-05   0.0000000000000000e+00
   1.5766989545267444e-05   2.6127406555303525e-06   2.4297773041128917e-05   0.0000000000000000e+00
   1.5616683282689625e-05   2.5869639090302872e-06   2.3960641096831964e-05   0.0000000000000000e+00
   1.5466633757439144e-05   2.5618585543841555e-06   2.3626908661550775e-05   0.0000000000000000e+00
   1.5314710069541756e-05   2.5377115485733712e-06   2.3296532313713347e-05   0.0000000000000000e+00
   1.5162915907842926e-05   2.5141867098296637e-06   2.2969453195749428e-05   0.0000000000000000e+00
   1.5014244576065400e-05   2.4907987079677851e-06   2.2645608755478698e-05   0.0000000000000000e+00
   1.4871295746706254e-05   2.4671290658250160e-06   2.2324938664849829e-05   0.0000000000000000e+00
   1.4733144820672562e-05   2.4433578568429115e-06   2.2007402508953815e-05   0.0000000000000000e+00
   1.4597010080141758e-05   2.4199805613519276e-06   2.1692970366133574e-05   0.0000000000000000e+00
   1.4460166788602483e-05   2.3974813352327359e-06   2.1381611928751358e-05   0.0000000000000000e+00
   1.4322200701425375e-05   2.3759002574480935e-06   2.1073281825676768e-05   0.0000000000000000e+00
   1.4185413577571977e-05   2.3547553906260070e-06   2.0767916978510870e-05   0.0000000000000000e+00
   1.4052262180097702e-05   2.3335350162651918e-06   2.0465453299247942e-05   0.0000000000000000e+00
   1.3924232492117385e-05   2.3119394531541466e-06   2.0165835312842070e-05   0.0000000000000000e+00
   1.3799759330210408e-05   2.2903354544150529e-06   1.9869034614825941e-05   0.0000000000000000e+00
   1.3676679610879770e-05   2.2692203662184809e-06   1.9575028105425015e-05   0.0000000000000000e+00
   1.3553006645345138e-05   2.2490478150740183e-06   1.9283790939715641e-05   0.0000000000000000e+00
   1.3428973779519064e-05   2.2297211889922133e-06   1.8995276309012183e-05   0.0000000000000000e+00
   1.3306331433958423e-05   2.2107678670509987e-06   1.8709422395554392e-05   0.0000000000000000e+00
   1.3186858782614668e-05   2.1917081227626364e-06   1.8426167098818566e-05   0.0000000000000000e+00
   1.3071603299341737e-05   2.1722680113219480e-06   1.8145457542162364e-05   0.0000000000000000e+00
   1.2959469504833782e-05   2.1527762672296094e-06   1.7867267863215709e-05   0.0000000000000000e+00
   1.2848971657610208e-05   2.1336713814387519e-06   1.7591577119290801e-05   0.0000000000000000e+00
   1.2738660272692526e-05   2.1153803573763688e-06   1.7318363884040778e-05   0.0000000000000000e+00
   1.2628241910061505e-05   2.0979639166742586e-06   1.7047591309564736e-05   0.0000000000000000e+00
   1.2518792786003723e-05   2.0810488184556892e-06   1.6779204276848193e-05   0.0000000000000000e+00
   1.2411468480965838e-05   2.0642366760684141e-06   1.6513146608164671e-05   0.0000000000000000e+00
   1.2307344786446997e-05   2.0471574001438496e-06   1.6249363423725795e-05   0.0000000000000000e+00
   1.2206357347123981e-05   2.0298452562905550e-06   1.5987818390673278e-05   0.0000000000000000e+00
   1.2107590814677490e-05   2.0126363162062127e-06   1.5728489019372582e-05   0.0000000000000000e+00
   1.2010109438163362e-05   1.9958738874135271e-06   1.5471353152081578e-05   0.0000000000000000e+00
   1.1913040767066115e-05   1.9798765102296057e-06   1.5216387614565402e-05   0.0000000000000000e+00
   1.1816407810681280e-05   1.9646123634067353e-06   1.4963554853091524e-05   0.0000000000000000e+00
   1.1720897383482085e-05   1.9497899023484486e-06   1.4712806654392592e-05   0.0000000000000000e+00
   1.1627211964067399e-05   1.9351114536432210e-06   1.4464094553663162e-05   0.0000000000000000e+00
   1.1536037483612142e-05   1.9202864248115943e-06   1.4217370401400208e-05   0.0000000000000000e+00
   1.1447509120377002e-05   1.9052599001768683e-06   1.3972596542406907e-05   0.0000000000000000e+00
   1.1361095957215613e-05   1.8902619979347176e-06   1.3729748013582957e-05   0.0000000000000000e+00
   1.1276227199285513e-05   1.8755399006443043e-06   1.3488800611676510e-05   0.0000000000000000e+00
   1.1192332063575420e-05   1.8613407854265147e-06   1.3249730133232877e-05   0.0000000000000000e+00
   1.1109027253027165e-05   1.8478256503972066e-06   1.3012509160463230e-05   0.0000000000000000e+00
   1.1026591859460612e-05   1.8348510227851970e-06   1.2777098919318932e-05   0.0000000000000000e+00
   1.0945451186405990e-05   1.8222062227591823e-06   1.2543458129039321e-05   0.0000000000000000e+00
   1.0866030537393520e-05   1.8096805704878597e-06   1.2311545508863737e-05   0.0000000000000000e+00
   1.0788742782951698e-05   1.7970694695938218e-06   1.2081320028493564e-05   0.0000000000000000e+00
   1.0713646597779988e-05   1.7843416313242558e-06   1.1852747792883143e-05   0.0000000000000000e+00
   1.0640403810519573e-05   1.7716599432606062e-06   1.1625802901425993e-05   0.0000000000000000e+00
   1.0568655252181528e-05   1.7591975671013341e-06   1.1400459876511593e-05   0.0000000000000000e+00
   1.0498041753776936e-05   1.7471276645449005e-06   1.1176693240529408e-05   0.0000000000000000e+00
   1.0428237538476784e-05   1.7356064110653764e-06   1.0954476979891154e-05   0.0000000000000000e+00
   1.0359284847650906e-05   1.7246027753277009e-06   1.0733779173946206e-05   0.0000000000000000e+00
   1.0291454116346362e-05   1.7139696463835992e-06   1.0514564239305850e-05   0.0000000000000000e+00
   1.0225019188559746e-05   1.7035581791896741e-06   1.0296796537864299e-05   0.0000000000000000e+00
   1.0160253908287646e-05   1.6932195287025285e-06   1.0080440431515770e-05   0.0000000000000000e+00
   1.0097397368851282e-05   1.6828230940568454e-06   9.8654609430336638e-06   0.0000000000000000e+00
   1.0036372864688578e-05   1.6724040694690628e-06   9.6518291009713034e-06   0.0000000000000000e+00
   9.9769352543804113e-06   1.6620860783368623e-06   9.4395191371507552e-06   0.0000000000000000e+00
   9.9188378206589063e-06   1.6519935713818595e-06   9.2285053133631509e-06   0.0000000000000000e+00
   9.8618338462561872e-06   1.6422509993256689e-06   9.0187618913996326e-06   0.0000000000000000e+00
   9.8056975755991286e-06   1.6329717266839783e-06   8.8102628587112230e-06   0.0000000000000000e+00
   9.7504566809418452e-06   1.6241350852468940e-06   8.6029788859647451e-06   0.0000000000000000e+00
   9.6963070874293955e-06   1.6156314213375119e-06   8.3968784417857519e-06   0.0000000000000000e+00
   9.6434477458149784e-06   1.6073494810974898e-06   8.1919299552015936e-06   0.0000000000000000e+00
   9.5920776068517911e-06   1.5991780106684851e-06   7.9881018552396140e-06   0.0000000000000000e+00
   9.5423882548672002e-06   1.5910096877168732e-06   7.7853626871201989e-06   0.0000000000000000e+00
   9.4943873377076463e-06   1.5828353583883005e-06   7.5836838973540583e-06   0.0000000000000000e+00
   9.4478901259707390e-06   1.5747485422179836e-06   7.3830399668812071e-06   0.0000000000000000e+00
   9.4027028346092654e-06   1.5668475918165416e-06   7.1834055194793079e-06   0.0000000000000000e+00
   9.3586316785760057e-06   1.5592308597945945e-06   6.9847551789260301e-06   0.0000000000000000e+00
   9.3154841379254770e-06   1.5519960315068315e-06   6.7870635575436889e-06   0.0000000000000000e+00
   9.2731889114010427e-06   1.5451768576160022e-06   6.5903041700341879e-06   0.0000000000000000e+00
   9.2318946795736924e-06   1.5386910631908376e-06   6.3944485391908273e-06   0.0000000000000000e+00
   9.1917733678061902e-06   1.5324441132383940e-06   6.1994679773281582e-06   0.0000000000000000e+00
   9.1529969014613017e-06   1.5263414727657271e-06   6.0053337967607331e-06   0.0000000000000000e+00
   9.1157371470527744e-06   1.5202886382031104e-06   5.8120173104621487e-06   0.0000000000000000e+00
   9.0800883897215787e-06   1.5142325315884077e-06   5.6194907002327967e-06   0.0000000000000000e+00
   9.0459145542554204e-06   1.5082430789391355e-06   5.4277287276578831e-06   0.0000000000000000e+00
   9.0130370065999836e-06   1.5024129311335112e-06   5.2367066309352488e-06   0.0000000000000000e+00
   8.9812771127009391e-06   1.4968347390497521e-06   5.0463996482627336e-06   0.0000000000000000e+00
   8.9504562415648787e-06   1.4916011519592816e-06   4.8567830178160302e-06   0.0000000000000000e+00
   8.9204633761502023e-06   1.4867693258026701e-06   4.6678314886106433e-06   0.0000000000000000e+00
   8.8914296142030585e-06   1.4822693205582649e-06   4.4795180580573697e-06   0.0000000000000000e+00
   8.8635402255306116e-06   1.4780027590722418e-06   4.2918153316535731e-06   0.0000000000000000e+00
   8.8369804799400205e-06   1.4738712641907769e-06   4.1046959148966183e-06   0.0000000000000000e+00
   8.8119352980769811e-06   1.4697766261491672e-06   3.9181324126350291e-06   0.0000000000000000e+00
   8.7884776020979912e-06   1.4656743276152267e-06   3.7320972215918530e-06   0.0000000000000000e+00
   8.7664085517004817e-06   1.4616501350454158e-06   3.5465622334771643e-06   0.0000000000000000e+00
   8.7454888864619515e-06   1.4578091924304608e-06   3.3614992648888012e-06   0.0000000000000000e+00
   8.7254793459598913e-06   1.4542566437610878e-06   3.1768801324246044e-06   0.0000000000000000e+00
   8.7061543032406960e-06   1.4510890749628566e-06   2.9926765576774609e-06   0.0000000000000000e+00
   8.6875004071663451e-06   1.4482698211888209e-06   2.8088587829943308e-06   0.0000000000000000e+00
   8.6696720573586447e-06   1.4456569162967508e-06   2.6253958817494959e-06   0.0000000000000000e+00
   8.6528282269148744e-06   1.4431055232609101e-06   2.4422568954469318e-06   0.0000000000000000e+00
   8.6371214844025518e-06   1.4404741332353723e-06   2.2594109927796129e-06   0.0000000000000000e+00
   8.6224360987517503e-06   1.4377606620423873e-06   2.0768326706634194e-06   0.0000000000000000e+00
   8.6082961979805303e-06   1.4351501764360311e-06   1.8945035781336848e-06   0.0000000000000000e+00
   8.5942006368459547e-06   1.4328408766805888e-06   1.7124058661331233e-06   0.0000000000000000e+00
   8.5797068276119454e-06   1.4310112658867876e-06   1.5305241126189776e-06   0.0000000000000000e+00
   8.5650905881310145e-06   1.4295981950535337e-06   1.3488726710784882e-06   0.0000000000000000e+00
   8.5511097638597106e-06   1.4283763741965303e-06   1.1674858734450692e-06   0.0000000000000000e+00
   8.5385135670787447e-06   1.4271339914692398e-06   9.8639945969962003e-07   0.0000000000000000e+00
   8.5275764187841315e-06   1.4261051330518103e-06   8.0567728460415879e-07   0.0000000000000000e+00
   8.5180545873766064e-06   1.4260105057242444e-06   6.2541388534321780e-07   0.0000000000000000e+00
   8.5104788355285719e-06   1.4273307138499002e-06   4.4571725706017963e-07   0.0000000000000000e+00
   8.5096430395085439e-06   1.4291368638882235e-06   2.6675877501091015e-07   0.0000000000000000e+00
   8.5174753469249620e-06   1.4312197194856186e-06   8.8692432527625071e-08   0.0000000000000000e+00
