   1.0954199719122751e-03   6.7900840370345092e-04   1.8732274725776447e-06   0.0000000000000000e+00
   2.9900462607576426e-03   2.1100136015086528e-03   1.6167967612065332e-05   0.0000000000000000e+00
   4.5320945858422059e-03   3.7220467363086296e-03   4.1610683821971158e-05   0.0000000000000000e+00
   5.7501993312083395e-03   5.5530991264726125e-03   7.2700271355696355e-05   0.0000000000000000e+00
   6.6626627791303442e-03   7.6017458885380695e-03   1.0339379892347343e-04   0.0000000000000000e+00
   7.2757824722549120e-03   9.8015346137990157e-03   1.2774067557872032e-04   0.0000000000000000e+00
   7.5940768125212967e-03   1.2073409352542532e-02   1.3990454515650088e-04   0.0000000000000000e+00
   7.6314572922451572e-03   1.4330612765225030e-02   1.3596260138391369e-04   0.0000000000000000e+00
   7.4104424385955710e-03   1.6479330608979725e-02   1.1374545352591564e-04   0.0000000000000000e+00
   6.9539956343681840e-03   1.8426065914136237e-02   7.1178162869816160e-05   0.0000000000000000e+00
   6.2919429207745712e-03   2.0108594065680441e-02   7.7908720123648026e-06   0.0000000000000000e+00
   5.4643383262148112e-03   2.1511298224097589e-02  -7.4494091078584963e-05   0.0000000000000000e+00
   4.5120695661307001e-03   2.2622360566997297e-02  -1.7355941051541474e-04   0.0000000000000000e+00
   3.4754674875927026e-03   2.3432288885440820e-02  -2.8725291062477583e-04   0.0000000000000000e+00
   2.3869276307391931e-03   2.3964730680867172e-02  -4.1292566800332818e-04   0.0000000000000000e+00
   1.2729338497496267e-03   2.4268022047380888e-02  -5.4755868955721522e-04   0.0000000000000000e+00
   1.5982888206917545e-04   2.4391088415799459e-02  -6.8812414832918728e-04   0.0000000000000000e+00
  -9.2628306449822899e-04   2.4382739487455660e-02  -8.3161225025314093e-04   0.0000000000000000e+00
  -1.9680468240833222e-03   2.4287540115495679e-02  -9.7567463067701229e-04   0.0000000000000000e+00
  -2.9591784773133250e-03   2.4144683620849448e-02  -1.1187999135170333e-03   0.0000000000000000e+00
  -3.8941051584717142e-03   2.3993018336407556e-02  -1.2595304784956982e-03   0.0000000000000000e+00
  -4.7672540018419670e-03   2.3871392595060575e-02  -1.3964087053354994e-03   0.0000000000000000e+00
  -5.5734566788150997e-03   2.3814136974478584e-02  -1.5281321251625814e-03   0.0000000000000000e+00
  -6.3102647438330103e-03   2.3825207172936749e-02  -1.6544414210543975e-03   0.0000000000000000e+00
  -6.9763506669839864e-03   2.3896040821964677e-02  -1.7755071788900715e-03   0.0000000000000000e+00
  -7.5703904128726976e-03   2.4018036527328153e-02  -1.8915013247944347e-03   0.0000000000000000e+00
  -8.0910599461038128e-03   2.4182592894792940e-02  -2.0025957848923180e-03   0.0000000000000000e+00
  -8.5368310475572255e-03   2.4375694662878346e-02  -2.1090358277698596e-03   0.0000000000000000e+00
  -8.9052629262397695e-03   2.4559130013894717e-02  -2.2113945163433381e-03   0.0000000000000000e+00
  -9.1936599426575647e-03   2.4687929902306255e-02  -2.3103364546953179e-03   0.0000000000000000e+00
  -9.3993264457796696e-03   2.4717124976675376e-02  -2.4065262510524596e-03   0.0000000000000000e+00
  -9.5195667845751272e-03   2.4601745885564529e-02  -2.5006285136414241e-03   0.0000000000000000e+00
  -9.5526173818219120e-03   2.4301670711770078e-02  -2.5932027509650291e-03   0.0000000000000000e+00
  -9.5017597423926684e-03   2.3803015485582491e-02  -2.6842395930426039e-03   0.0000000000000000e+00
  -9.3719744673331929e-03   2.3100732723070259e-02  -2.7735380814839844e-03   0.0000000000000000e+00
  -9.1682434465314433e-03   2.2189781643180421e-02  -2.8608971125704372e-03   0.0000000000000000e+00
  -8.8955485698753601e-03   2.1065121464860018e-02  -2.9461155825832286e-03   0.0000000000000000e+00
  -8.5592934873917111e-03   1.9725143920085834e-02  -3.0289493822172960e-03   0.0000000000000000e+00
  -8.1688732621960948e-03   1.8200725027929125e-02  -3.1087474100306607e-03   0.0000000000000000e+00
  -7.7358823839047582e-03   1.6540640934634313e-02  -3.1846342958144740e-03   0.0000000000000000e+00
  -7.2719382965008425e-03   1.4793854601548031e-02  -3.2557323287735812e-03   0.0000000000000000e+00
  -6.7886584439674942e-03   1.3009328990016909e-02  -3.3211637981128235e-03   0.0000000000000000e+00
  -6.2975246129459133e-03   1.1235518087415144e-02  -3.3800654212447195e-03   0.0000000000000000e+00
  -5.8071366985372940e-03   9.5100632869417872e-03  -3.4318804270395942e-03   0.0000000000000000e+00
  -5.3233391505313503e-03   7.8602678023359015e-03  -3.4763451072910632e-03   0.0000000000000000e+00
  -4.8518660665820374e-03   6.3130208161893938e-03  -3.5132074905959965e-03   0.0000000000000000e+00
  -4.3984515443433138e-03   4.8952115110941722e-03  -3.5422156055512615e-03   0.0000000000000000e+00
  -3.9687830781586384e-03   3.6334676472900090e-03  -3.5631225543469890e-03   0.0000000000000000e+00
  -3.5659565704121970e-03   2.5398793897569577e-03  -3.5759635797199497e-03   0.0000000000000000e+00
  -3.1891643856907992e-03   1.6046399175795299e-03  -3.5811988934241474e-03   0.0000000000000000e+00
  -2.8372760165089246e-03   8.1613125145697839e-04  -3.5793238575398739e-03   0.0000000000000000e+00
  -2.5091609553810528e-03   1.6273541208855626e-04  -3.5708338341474241e-03   0.0000000000000000e+00
  -2.2036865104086817e-03  -3.6717619440345604e-04  -3.5562243529327566e-03   0.0000000000000000e+00
  -1.9194865069621370e-03  -7.8636670945840580e-04  -3.5360088582478823e-03   0.0000000000000000e+00
  -1.6547570157253511e-03  -1.1097264276012089e-03  -3.5107343824921115e-03   0.0000000000000000e+00
  -1.4076459366261084e-03  -1.3523797164021597e-03  -3.4809516541111597e-03   0.0000000000000000e+00
  -1.1763011695921943e-03  -1.5294509434315522e-03  -3.4472114015507449e-03   0.0000000000000000e+00
  -9.5887709767871008e-04  -1.6560157960288304e-03  -3.4100631924055282e-03   0.0000000000000000e+00
  -7.5396208181297052e-04  -1.7438913269315587e-03  -3.3699788873787538e-03   0.0000000000000000e+00
  -5.6084437854082728e-04  -1.7996392424039040e-03  -3.3273050257775385e-03   0.0000000000000000e+00
  -3.7887574949153197e-04  -1.8293444044389024e-03  -3.2823767758623714e-03   0.0000000000000000e+00
  -2.0740795629433617e-04  -1.8390916750295895e-03  -3.2355293058937413e-03   0.0000000000000000e+00
  -4.5802947818095520e-05  -1.8348445330280349e-03  -3.1870940178063017e-03   0.0000000000000000e+00
   1.0638479267932717e-04  -1.8202723688197841e-03  -3.1373311316177377e-03   0.0000000000000000e+00
   2.4942893979597292e-04  -1.7969970368521596e-03  -3.0864373355616432e-03   0.0000000000000000e+00
   3.8359713611736348e-04  -1.7665685188518797e-03  -3.0346070877753871e-03   0.0000000000000000e+00
   5.0915702422902167e-04  -1.7305367965456593e-03  -2.9820348463963386e-03   0.0000000000000000e+00
   6.2637010641844969e-04  -1.6903043588004992e-03  -2.9289057112984861e-03   0.0000000000000000e+00
   7.3547006733045675e-04  -1.6466055015621481e-03  -2.8753623862333420e-03   0.0000000000000000e+00
   8.3668271796126514e-04  -1.5999853920170169e-03  -2.8215355749359708e-03   0.0000000000000000e+00
   9.3023386881023538e-04  -1.5509891854166601e-03  -2.7675559803841841e-03   0.0000000000000000e+00
   1.0163520728937942e-03  -1.5001556994648636e-03  -2.7135530889572414e-03   0.0000000000000000e+00
   1.0953116927459603e-03  -1.4479178929048017e-03  -2.6596360656320466e-03   0.0000000000000000e+00
   1.1674249679451613e-03  -1.3946211962810819e-03  -2.6058972728802616e-03   0.0000000000000000e+00
   1.2330052760892447e-03  -1.3406084103452184e-03  -2.5524285683406734e-03   0.0000000000000000e+00
   1.2923653509023150e-03  -1.2862212429911614e-03  -2.4993215161442065e-03   0.0000000000000000e+00
   1.3457906404025731e-03  -1.2317550896325689e-03  -2.4466552423168509e-03   0.0000000000000000e+00
   1.3935297847406894e-03  -1.1774428710802432e-03  -2.3944920941316354e-03   0.0000000000000000e+00
   1.4358288221037767e-03  -1.1235130917891755e-03  -2.3428932327645194e-03   0.0000000000000000e+00
   1.4729343861554960e-03  -1.0701932916009694e-03  -2.2919195868861438e-03   0.0000000000000000e+00
   1.5051179478721001e-03  -1.0176707763559214e-03  -2.2416223873757586e-03   0.0000000000000000e+00
   1.5326842548644981e-03  -9.6607894702207566e-04  -2.1920398721666234e-03   0.0000000000000000e+00
   1.5559403834854814e-03  -9.1554743223487979e-04  -2.1432093699288524e-03   0.0000000000000000e+00
   1.5751901062871882e-03  -8.6620421001697406e-04  -2.0951676823545979e-03   0.0000000000000000e+00
   1.5906801792617297e-03  -8.1814877233082949e-04  -2.0479425166191785e-03   0.0000000000000000e+00
   1.6026092341334471e-03  -7.7145656775947302e-04  -2.0015539037602594e-03   0.0000000000000000e+00
   1.6111743933275822e-03  -7.2620229082456897e-04  -1.9560216340723598e-03   0.0000000000000000e+00
   1.6165812453252241e-03  -6.8245513942277118e-04  -1.9113640004279589e-03   0.0000000000000000e+00
   1.6190818662311732e-03  -6.4025412915100297e-04  -1.8675910732647272e-03   0.0000000000000000e+00
   1.6189442051051054e-03  -5.9962797001851954e-04  -1.8247101155131689e-03   0.0000000000000000e+00
   1.6164351874404753e-03  -5.6060517823003093e-04  -1.7827283214751220e-03   0.0000000000000000e+00
   1.6117681853516585e-03  -5.2320472089096052e-04  -1.7416494666282305e-03   0.0000000000000000e+00
   1.6050782027857734e-03  -4.8743159128429591e-04  -1.7014723234607693e-03   0.0000000000000000e+00
   1.5964940168815445e-03  -4.5328967239125444e-04  -1.6621952669443013e-03   0.0000000000000000e+00
   1.5861553115326609e-03  -4.2077931834825816e-04  -1.6238158666917418e-03   0.0000000000000000e+00
   1.5742574293073665e-03  -3.8988287511013868e-04  -1.5863275824597686e-03   0.0000000000000000e+00
   1.5610134215171471e-03  -3.6057695902593580e-04  -1.5497225663851882e-03   0.0000000000000000e+00
   1.5466319284091004e-03  -3.3283784298844093e-04  -1.5139928470458460e-03   0.0000000000000000e+00
   1.5312443716815757e-03  -3.0663583960542304e-04  -1.4791283032693564e-03   0.0000000000000000e+00
   1.5149164835652706e-03  -2.8193619109733451e-04  -1.4451169851006050e-03   0.0000000000000000e+00
   1.4977121745513664e-03  -2.5870393793304844e-04  -1.4119468765051385e-03   0.0000000000000000e+00
   1.4797256735801761e-03  -2.3689964682023387e-04  -1.3796050932918470e-03   0.0000000000000000e+00
   1.4611087451966206e-03  -2.1647539456806183e-04  -1.3480771037606147e-03   0.0000000000000000e+00
   1.4420195801843445e-03  -1.9738230973609624e-04  -1.3173481921985514e-03   0.0000000000000000e+00
   1.4225937881772479e-03  -1.7957134035575118e-04  -1.2874034148805697e-03   0.0000000000000000e+00
   1.4028726352707491e-03  -1.6299268021587035e-04  -1.2582268754517229e-03   0.0000000000000000e+00
   1.3828727526360256e-03  -1.4759632615796140e-04  -1.2298024288069666e-03   0.0000000000000000e+00
   1.3626166872010550e-03  -1.3333202286906285e-04  -1.2021138877071082e-03   0.0000000000000000e+00
   1.3421835550663759e-03  -1.2014710385471896e-04  -1.1751446620188247e-03   0.0000000000000000e+00
   1.3216839025535414e-03  -1.0798756295146624e-04  -1.1488779377580454e-03   0.0000000000000000e+00
   1.3012267487020328e-03  -9.6799456524340025e-05  -1.1232969003263970e-03   0.0000000000000000e+00
   1.2808662397516559e-03  -8.6531104175613057e-05  -1.0983847876843680e-03   0.0000000000000000e+00
   1.2605940206893600e-03  -7.7133403381544633e-05  -1.0741248976580775e-03   0.0000000000000000e+00
   1.2403983903371998e-03  -6.8557392780268977e-05  -1.0505005316066083e-03   0.0000000000000000e+00
   1.2202892721470636e-03  -6.0754531456457172e-05  -1.0274951068409408e-03   0.0000000000000000e+00
   1.2003315488014917e-03  -5.3677347064201849e-05  -1.0050923353650614e-03   0.0000000000000000e+00
   1.1805987048287526e-03  -4.7278534502828273e-05  -9.8327597530630515e-04   0.0000000000000000e+00
   1.1611550165130640e-03  -4.1511480908997828e-05  -9.6202986841919266e-04   0.0000000000000000e+00
   1.1420011250246704e-03  -3.6334357241513676e-05  -9.4133843437793749e-04   0.0000000000000000e+00
   1.1231107921176305e-03  -3.1707355141445203e-05  -9.2118633696952189e-04   0.0000000000000000e+00
   1.1044587268490924e-03  -2.7590731464183486e-05  -9.0155825523672846e-04   0.0000000000000000e+00
   1.0860517951807734e-03  -2.3946533396117284e-05  -8.8243931204342186e-04   0.0000000000000000e+00
   1.0679343490069910e-03  -2.0738895147495696e-05  -8.6381514762438329e-04   0.0000000000000000e+00
   1.0501528565132351e-03  -1.7932068753467753e-05  -8.4567143142301763e-04   0.0000000000000000e+00
   1.0327404558277881e-03  -1.5491592584178431e-05  -8.2799403986076202e-04   0.0000000000000000e+00
   1.0156780805683965e-03  -1.3388042684240695e-05  -8.1076965994723534e-04   0.0000000000000000e+00
   9.9893388634240531e-04  -1.1593228161389481e-05  -7.9398517709836493e-04   0.0000000000000000e+00
   9.8247739218826563e-04  -1.0079056425209919e-05  -7.7762750334036096e-04   0.0000000000000000e+00
   9.6630765869202618e-04  -8.8195647976645188e-06  -7.6168412726610824e-04   0.0000000000000000e+00
   9.5045231228061073e-04  -7.7908501657350846e-06  -7.4614309499215607e-04   0.0000000000000000e+00
   9.3494014760169615e-04  -6.9690936438066395e-06  -7.3099247543538829e-04   0.0000000000000000e+00
   9.1979116144828724e-04  -6.3313961953904719e-06  -7.1622051701000192e-04   0.0000000000000000e+00
   9.0498507479415033e-04  -5.8590697738944946e-06  -7.0181628985340426e-04   0.0000000000000000e+00
   8.9049009011268909e-04  -5.5346306356946447e-06  -6.8776909910800649e-04   0.0000000000000000e+00
   8.7627471344906352e-04  -5.3406168794734720e-06  -6.7406825686820151e-04   0.0000000000000000e+00
   8.6232596981455109e-04  -5.2608892296809676e-06  -6.6070349691172998e-04   0.0000000000000000e+00
   8.4865973312399140e-04  -5.2813688013402326e-06  -6.4766520991597670e-04   0.0000000000000000e+00
   8.3529437588496507e-04  -5.3881551591307777e-06  -6.3494384345215860e-04   0.0000000000000000e+00
   8.2224620298737886e-04  -5.5675519322475856e-06  -6.2252989347059539e-04   0.0000000000000000e+00
   8.0950510382963410e-04  -5.8084698394579779e-06  -6.1041447400385742e-04   0.0000000000000000e+00
   7.9704272314088623e-04  -6.1016202658894120e-06  -5.9858912598197481e-04   0.0000000000000000e+00
   7.8483034268259327e-04  -6.4377504199398850e-06  -5.8704539882786842e-04   0.0000000000000000e+00
   7.7284402633806266e-04  -6.8078844022052340e-06  -5.7577495600842296e-04   0.0000000000000000e+00
   7.6108701386646714e-04  -7.2046198382213380e-06  -5.6477010908036673e-04   0.0000000000000000e+00
   7.4957213205476339e-04  -7.6211094571532923e-06  -5.5402339823170928e-04   0.0000000000000000e+00
   7.3831221716412748e-04  -8.0505067284190036e-06  -5.4352736394278945e-04   0.0000000000000000e+00
   7.2731270894840349e-04  -8.4865658640215282e-06  -5.3327472669459700e-04   0.0000000000000000e+00
   7.1655435899150677e-04  -8.9250462433165204e-06  -5.2325880777691987e-04   0.0000000000000000e+00
   7.0601277409961449e-04  -9.3621251032969992e-06  -5.1347305368233415e-04   0.0000000000000000e+00
   6.9566359059014310e-04  -9.7939807930892288e-06  -5.0391091159076988e-04   0.0000000000000000e+00
   6.8549160599935854e-04  -1.0217136903035800e-05  -4.9456604205833738e-04   0.0000000000000000e+00
   6.7550371135318191e-04  -1.0628949618286406e-05  -4.8543262022599827e-04   0.0000000000000000e+00
   6.6571006137745642e-04  -1.1026898116765979e-05  -4.7650489725034454e-04   0.0000000000000000e+00
   6.5612075650506947e-04  -1.1408464716857980e-05  -4.6777712556127953e-04   0.0000000000000000e+00
   6.4673696685092655e-04  -1.1771648291860935e-05  -4.5924376702800320e-04   0.0000000000000000e+00
   6.3754107643746469e-04  -1.2115534355931988e-05  -4.5089972410268189e-04   0.0000000000000000e+00
   6.2851309499775416e-04  -1.2439345758857847e-05  -4.4273995492077271e-04   0.0000000000000000e+00
   6.1963307588343655e-04  -1.2742306084538414e-05  -4.3475941856604218e-04   0.0000000000000000e+00
   6.1088939055132857e-04  -1.3023778912995764e-05  -4.2695325496578637e-04   0.0000000000000000e+00
   6.0228853251971276e-04  -1.3283432823801446e-05  -4.1931699803817845e-04   0.0000000000000000e+00
   5.9383938105269513e-04  -1.3520976549321027e-05  -4.1184623356977848e-04   0.0000000000000000e+00
   5.8555080472885051e-04  -1.3736119196435334e-05  -4.0453654757526171e-04   0.0000000000000000e+00
   5.7742558727080827e-04  -1.3928783139072318e-05  -3.9738365596912040e-04   0.0000000000000000e+00
   5.6945026654210674e-04  -1.4099460149421225e-05  -3.9038362148328086e-04   0.0000000000000000e+00
   5.6160869829150308e-04  -1.4248736004641068e-05  -3.8353256410759333e-04   0.0000000000000000e+00
   5.5388473827011489e-04  -1.4377196481890323e-05  -3.7682660383195479e-04   0.0000000000000000e+00
   5.4626639386154484e-04  -1.4485426405416770e-05  -3.7026194264767377e-04   0.0000000000000000e+00
   5.3875786804922620e-04  -1.4574006882144883e-05  -3.6383510243517510e-04   0.0000000000000000e+00
   5.3136731251373259e-04  -1.4643518112667534e-05  -3.5754268306799634e-04   0.0000000000000000e+00
   5.2410287893563774e-04  -1.4694540297577602e-05  -3.5138128441967477e-04   0.0000000000000000e+00
   5.1697072809341407e-04  -1.4727688710576612e-05  -3.4534754360810100e-04   0.0000000000000000e+00
   5.0996345246042080e-04  -1.4743817654015009e-05  -3.3943835157718074e-04   0.0000000000000000e+00
   5.0306798422314087e-04  -1.4743881145772430e-05  -3.3365070515936287e-04   0.0000000000000000e+00
   4.9627123674513397e-04  -1.4728833535326148e-05  -3.2798160153922200e-04   0.0000000000000000e+00
   4.8956083219681200e-04  -1.4699620988067288e-05  -3.2242805044940137e-04   0.0000000000000000e+00
   4.8293540318510085e-04  -1.4657062539745474e-05  -3.1698725654124969e-04   0.0000000000000000e+00
   4.7640226998348203e-04  -1.4601876915833511e-05  -3.1165657826462466e-04   0.0000000000000000e+00
   4.6996898892744771e-04  -1.4534780116164858e-05  -3.0643337824841024e-04   0.0000000000000000e+00
   4.6364302841102534e-04  -1.4456488763855998e-05  -3.0131502053290271e-04   0.0000000000000000e+00
   4.5742538942143788e-04  -1.4367765319611515e-05  -2.9629897295674958e-04   0.0000000000000000e+00
   4.5130629614907017e-04  -1.4269448624421041e-05  -2.9138287632030888e-04   0.0000000000000000e+00
   4.4527495187846137e-04  -1.4162384754919478e-05  -2.8656438780892040e-04   0.0000000000000000e+00
   4.3932055989415024e-04  -1.4047419787741748e-05  -2.8184116460792415e-04   0.0000000000000000e+00
   4.3343506716485731e-04  -1.3925353446280937e-05  -2.7721090724454832e-04   0.0000000000000000e+00
   4.2762224251354099e-04  -1.3796785729314523e-05  -2.7267150299546238e-04   0.0000000000000000e+00
   4.2188903810116930e-04  -1.3662262854635424e-05  -2.6822088942442116e-04   0.0000000000000000e+00
   4.1624240613369893e-04  -1.3522331039276503e-05  -2.6385700409589023e-04   0.0000000000000000e+00
   4.1068872015723526e-04  -1.3377537931133154e-05  -2.5957779246915110e-04   0.0000000000000000e+00
   4.0522569006639644e-04  -1.3228452600866432e-05  -2.5538131820407236e-04   0.0000000000000000e+00
   3.9984435380658646e-04  -1.3075660616985272e-05  -2.5126573598776615e-04   0.0000000000000000e+00
   3.9453557754418750e-04  -1.2919747972759684e-05  -2.4722920285097307e-04   0.0000000000000000e+00
   3.8929024320564457e-04  -1.2761300381405396e-05  -2.4326987604664669e-04   0.0000000000000000e+00
   3.8410343593736542e-04  -1.2600828865467530e-05  -2.3938597209205686e-04   0.0000000000000000e+00
   3.7898008237769837e-04  -1.2438669565462767e-05  -2.3557584626696893e-04   0.0000000000000000e+00
   3.7392651572116907e-04  -1.2275133627587943e-05  -2.3183787368322747e-04   0.0000000000000000e+00
   3.6894906916230304e-04  -1.2110532198039897e-05  -2.2817042945267680e-04   0.0000000000000000e+00
   3.6405316289185065e-04  -1.1945178233386537e-05  -2.2457189924102928e-04   0.0000000000000000e+00
   3.5923562701299996e-04  -1.1779401723253531e-05  -2.2104076801112278e-04   0.0000000000000000e+00
   3.5448858017298997e-04  -1.1613541999488114e-05  -2.1757557518787456e-04   0.0000000000000000e+00
   3.4980409259615221e-04  -1.1447938489954028e-05  -2.1417486075594658e-04   0.0000000000000000e+00
   3.4517426394173789e-04  -1.1282930150259017e-05  -2.1083716507087880e-04   0.0000000000000000e+00
   3.4059536355319261e-04  -1.1118789037293637e-05  -2.0756108102596229e-04   0.0000000000000000e+00
   3.3607210850821633e-04  -1.0955651671884201e-05  -2.0434530795539280e-04   0.0000000000000000e+00
   3.3161023711275308e-04  -1.0793638190196634e-05  -2.0118855806077602e-04   0.0000000000000000e+00
   3.2721548767274664e-04  -1.0632868728396857e-05  -1.9808954354371750e-04   0.0000000000000000e+00
   3.2289284002136759e-04  -1.0473465952764170e-05  -1.9504698401118069e-04   0.0000000000000000e+00
   3.1863968140388244e-04  -1.0315577856931580e-05  -1.9205967320044969e-04   0.0000000000000000e+00
   3.1444902567333467e-04  -1.0159367023293277e-05  -1.8912644754847497e-04   0.0000000000000000e+00
   3.1031383412573495e-04  -1.0004996209563202e-05  -1.8624614400534792e-04   0.0000000000000000e+00
   3.0622707525104141e-04  -9.8526280782579765e-06  -1.8341759960214344e-04   0.0000000000000000e+00
   3.0218481014940448e-04  -9.7023843674685932e-06  -1.8063968618391678e-04   0.0000000000000000e+00
   2.9819100052255320e-04  -9.5542822668425767e-06  -1.7791136453398882e-04   0.0000000000000000e+00
   2.9425085160905370e-04  -9.4083225103386936e-06  -1.7523160943436281e-04   0.0000000000000000e+00
   2.9036956864747200e-04  -9.2645058319157024e-06  -1.7259939566704170e-04   0.0000000000000000e+00
   2.8655200487750474e-04  -9.1228347906712748e-06  -1.7001370089778434e-04   0.0000000000000000e+00
   2.8279700233614007e-04  -8.9833431142122202e-06  -1.6747355203921009e-04   0.0000000000000000e+00
   2.7909836274634384e-04  -8.8460906645283037e-06  -1.6497801729678025e-04   0.0000000000000000e+00
   2.7544973190077733e-04  -8.7111381121188977e-06  -1.6252616615341727e-04   0.0000000000000000e+00
   2.7184475559210178e-04  -8.5785461274833765e-06  -1.6011706809204363e-04   0.0000000000000000e+00
   2.6827870408963322e-04  -8.4483578534373288e-06  -1.5774980889655116e-04   0.0000000000000000e+00
   2.6475423368566437e-04  -8.3205367395149873e-06  -1.5542354846659922e-04   0.0000000000000000e+00
   2.6127609873896574e-04  -8.1950235976548618e-06  -1.5313746775509973e-04   0.0000000000000000e+00
   2.5784905375202826e-04  -8.0717592382447579e-06  -1.5089074771640695e-04   0.0000000000000000e+00
   2.5447779297253152e-04  -7.9506848861752388e-06  -1.4868256971426084e-04   0.0000000000000000e+00
   2.5116315953144220e-04  -7.8317682588026645e-06  -1.4651214127783013e-04   0.0000000000000000e+00
   2.4789988762791159e-04  -7.7150190978309164e-06  -1.4437871144186020e-04   0.0000000000000000e+00
   2.4468216928762903e-04  -7.6004508746643650e-06  -1.4228153292475531e-04   0.0000000000000000e+00
   2.4150419653628393e-04  -7.4880770607073849e-06  -1.4021985844491988e-04   0.0000000000000000e+00
   2.3836067775890761e-04  -7.3779064775601266e-06  -1.3819294532166452e-04   0.0000000000000000e+00
   2.3525220397804908e-04  -7.2698949738046948e-06  -1.3620010329024583e-04   0.0000000000000000e+00
   2.3218310523349451e-04  -7.1639647282573789e-06  -1.3424067540161020e-04   0.0000000000000000e+00
   2.2915777140360325e-04  -7.0600373808894674e-06  -1.3231400523988244e-04   0.0000000000000000e+00
   2.2618059236669707e-04  -6.9580345716725385e-06  -1.3041943638918751e-04   0.0000000000000000e+00
   2.2325431907134632e-04  -6.8578906652124549e-06  -1.2855632151221732e-04   0.0000000000000000e+00
   2.2037520255196289e-04  -6.7595904913839117e-06  -1.2672404927680983e-04   0.0000000000000000e+00
   2.1753788269707609e-04  -6.6631313889822039e-06  -1.2492201727546613e-04   0.0000000000000000e+00
   2.1473699939521517e-04  -6.5685106968026320e-06  -1.2314962310068728e-04   0.0000000000000000e+00
   2.1196724387993735e-04  -6.4757253539568335e-06  -1.2140626474940012e-04   0.0000000000000000e+00
   2.0922672410387717e-04  -6.3847457028862650e-06  -1.1969136713077102e-04   0.0000000000000000e+00
   2.0651904675046248e-04  -6.2954992824169713e-06  -1.1800439846544638e-04   0.0000000000000000e+00
   2.0384831603760013e-04  -6.2079097584313553e-06  -1.1634483089296864e-04   0.0000000000000000e+00
   2.0121863618319672e-04  -6.1219007968118181e-06  -1.1471213655288026e-04   0.0000000000000000e+00
   1.9863374249144106e-04  -6.0373990669492213e-06  -1.1310578921441333e-04   0.0000000000000000e+00
   1.9609235031155386e-04  -5.9543721081627711e-06  -1.1152528482263179e-04   0.0000000000000000e+00
   1.9358955141426725e-04  -5.8728169611106588e-06  -1.0997013532988806e-04   0.0000000000000000e+00
   1.9112035726691546e-04  -5.7927313202406257e-06  -1.0843985304327778e-04   0.0000000000000000e+00
   1.8867977933683281e-04  -5.7141128800004135e-06  -1.0693395026989650e-04   0.0000000000000000e+00
   1.8626398455115077e-04  -5.6369508421580874e-06  -1.0545194732883207e-04   0.0000000000000000e+00
   1.8387500286301588e-04  -5.5611913149859089e-06  -1.0399340519356738e-04   0.0000000000000000e+00
   1.8151671935794572e-04  -5.4867667714526658e-06  -1.0255789770112772e-04   0.0000000000000000e+00
   1.7919301985087194e-04  -5.4136096791659187e-06  -1.0114499869359627e-04   0.0000000000000000e+00
   1.7690777656834044e-04  -5.3416526187444029e-06  -9.9754282059636505e-05   0.0000000000000000e+00
   1.7466237456296806e-04  -5.2708488560045229e-06  -9.8385330213842002e-05   0.0000000000000000e+00
   1.7245283152024569e-04  -5.2011962958000633e-06  -9.7037743969920106e-05   0.0000000000000000e+00
   1.7027446625772209e-04  -5.1326986552930487e-06  -9.5711126537268774e-05   0.0000000000000000e+00
   1.6812259759294617e-04  -5.0653596516455027e-06  -9.4405081125285920e-05   0.0000000000000000e+00
   1.6599271943135071e-04  -4.9991817426223172e-06  -9.3119212008760524e-05   0.0000000000000000e+00
   1.6388435269970223e-04  -4.9341384198542120e-06  -9.1853147966474024e-05   0.0000000000000000e+00
   1.6180104534610062e-04  -4.8701742088377461e-06  -9.0606542281200555e-05   0.0000000000000000e+00
   1.5974652040652996e-04  -4.8072323756723372e-06  -8.9379049301105149e-05   0.0000000000000000e+00
   1.5772450091697428e-04  -4.7452561864574099e-06  -8.8170323374352921e-05   0.0000000000000000e+00
   1.5573804474879806e-04  -4.6841942665115530e-06  -8.6980020559470343e-05   0.0000000000000000e+00
   1.5378510125071466e-04  -4.6240364004269156e-06  -8.5807810050710158e-05   0.0000000000000000e+00
   1.5186125254295168e-04  -4.5647914455122484e-06  -8.4653367129263924e-05   0.0000000000000000e+00
   1.4996206781265885e-04  -4.5064683632778781e-06  -8.3516367109578513e-05   0.0000000000000000e+00
   1.4808311690756731e-04  -4.4490761105900205e-06  -8.2396485309620468e-05   0.0000000000000000e+00
   1.4622164974397077e-04  -4.3926118328744334e-06  -8.1293405999147776e-05   0.0000000000000000e+00
   1.4438022598632096e-04  -4.3370353462623103e-06  -8.0206841739476485e-05   0.0000000000000000e+00
   1.4256245172126087e-04  -4.2822991101890061e-06  -7.9136510667500592e-05   0.0000000000000000e+00
   1.4077193303543351e-04  -4.2283555840898734e-06  -7.8082130920114067e-05   0.0000000000000000e+00
   1.3901220679062232e-04  -4.1751577702213900e-06  -7.7043420762028613e-05   0.0000000000000000e+00
   1.3728368617366634e-04  -4.1226831648839600e-06  -7.6020104225553949e-05   0.0000000000000000e+00
   1.3558245696202034e-04  -4.0709431974079609e-06  -7.5011913333190101e-05   0.0000000000000000e+00
   1.3390428691421367e-04  -4.0199517908434037e-06  -7.4018580694631833e-05   0.0000000000000000e+00
   1.3224494378877568e-04  -3.9697228682402980e-06  -7.3039838919573827e-05   0.0000000000000000e+00
   1.3060060328991903e-04  -3.9202674032412621e-06  -7.2075422518988577e-05   0.0000000000000000e+00
   1.2897194972093310e-04  -3.8715637727585525e-06  -7.1125087016692687e-05   0.0000000000000000e+00
   1.2736246887095094e-04  -3.8235700992357760e-06  -7.0188600993149587e-05   0.0000000000000000e+00
   1.2577568862866530e-04  -3.7762442007408360e-06  -6.9265733225032470e-05   0.0000000000000000e+00
   1.2421513688276909e-04  -3.7295438953416394e-06  -6.8356252489014526e-05   0.0000000000000000e+00
   1.2268308410000846e-04  -3.6834369142865665e-06  -6.7459929128492845e-05   0.0000000000000000e+00
   1.2117672787644654e-04  -3.6379309819883858e-06  -6.6576539807564785e-05   0.0000000000000000e+00
   1.1969198670222518e-04  -3.5930439069910357e-06  -6.5705862784069458e-05   0.0000000000000000e+00
   1.1822477906745695e-04  -3.5487934978386831e-06  -6.4847676315845867e-05   0.0000000000000000e+00
   1.1677106785506946e-04  -3.5051972349444560e-06  -6.4001758841646610e-05   0.0000000000000000e+00
   1.1532958983599669e-04  -3.4622520954315339e-06  -6.3167900104613132e-05   0.0000000000000000e+00
   1.1390344597010837e-04  -3.4199227983683615e-06  -6.2345907633208053e-05   0.0000000000000000e+00
   1.1249612029199551e-04  -3.3781712313132201e-06  -6.1535590517033397e-05   0.0000000000000000e+00
   1.1111109683624899e-04  -3.3369592818243922e-06  -6.0736757845691084e-05   0.0000000000000000e+00
   1.0975147673649567e-04  -3.2962517890226095e-06  -5.9949218999977114e-05   0.0000000000000000e+00
   1.0841604679516230e-04  -3.2560468487168050e-06  -5.9172786641712349e-05   0.0000000000000000e+00
   1.0710087402773242e-04  -3.2163635219830918e-06  -5.8407275501100454e-05   0.0000000000000000e+00
   1.0580198289573405e-04  -3.1772211979214592e-06  -5.7652500340707074e-05   0.0000000000000000e+00
   1.0451539795705010e-04  -3.1386392649242117e-06  -5.6908275923441218e-05   0.0000000000000000e+00
   1.0323855037916197e-04  -3.1006267804619330e-06  -5.6174422023748611e-05   0.0000000000000000e+00
   1.0197382315110992e-04  -3.0631564330788490e-06  -5.5450776058664379e-05   0.0000000000000000e+00
   1.0072468836205555e-04  -3.0261929123633196e-06  -5.4737179325522288e-05   0.0000000000000000e+00
   9.9494618101160498e-05  -2.9897009079037049e-06  -5.4033473121656052e-05   0.0000000000000000e+00
   9.8286984849765149e-05  -2.9536458718119764e-06  -5.3339498782004447e-05   0.0000000000000000e+00
   9.7101941351398257e-05  -2.9180179041250932e-06  -5.2655098857056997e-05   0.0000000000000000e+00
   9.5935800410932204e-05  -2.8828365006027406e-06  -5.1980117346998973e-05   0.0000000000000000e+00
   9.4784649977394043e-05  -2.8481228783342046e-06  -5.1314398336905646e-05   0.0000000000000000e+00
   9.3644577999810950e-05  -2.8138982544087723e-06  -5.0657785911852347e-05   0.0000000000000000e+00
   9.2512424345820972e-05  -2.7801781768495780e-06  -5.0010126498496632e-05   0.0000000000000000e+00
   9.1389806071151100e-05  -2.7469421762240034e-06  -4.9371281400344086e-05   0.0000000000000000e+00
   9.0280210213253606e-05  -2.7141556844324327e-06  -4.8741117744291232e-05   0.0000000000000000e+00
   8.9187128159482753e-05  -2.6817841005793047e-06  -4.8119502670780832e-05   0.0000000000000000e+00
   8.8114020934620604e-05  -2.6497930594438554e-06  -4.7506303322781404e-05   0.0000000000000000e+00
   8.7061823023647049e-05  -2.6181678068498583e-06  -4.6901387053436783e-05   0.0000000000000000e+00
   8.6027082619490129e-05  -2.5869276350939369e-06  -4.6304621580773332e-05   0.0000000000000000e+00
   8.5005909739960573e-05  -2.5560952375953620e-06  -4.5715874659267897e-05   0.0000000000000000e+00
   8.3994414402869112e-05  -2.5256933077734048e-06  -4.5135014043397325e-05   0.0000000000000000e+00
   8.2989261974531357e-05  -2.4957403543870235e-06  -4.4561908998399564e-05   0.0000000000000000e+00
   8.1991711737086065e-05  -2.4662202701350707e-06  -4.3996441286726822e-05   0.0000000000000000e+00
   8.1005290465661290e-05  -2.4370998617103372e-06  -4.3438498839282591e-05   0.0000000000000000e+00
   8.0033540942226503e-05  -2.4083458151909108e-06  -4.2887969630515058e-05   0.0000000000000000e+00
   7.9079980648430657e-05  -2.3799250075749698e-06  -4.2344741631442273e-05   0.0000000000000000e+00
   7.8145665393286129e-05  -2.3518228920191155e-06  -4.1808702479331951e-05   0.0000000000000000e+00
   7.7227162780094564e-05  -2.3240587903670610e-06  -4.1279739202946787e-05   0.0000000000000000e+00
   7.6320563379912208e-05  -2.2966556242208464e-06  -4.0757738766374094e-05   0.0000000000000000e+00
   7.5421957763795270e-05  -2.2696363151825093e-06  -4.0242588133701176e-05   0.0000000000000000e+00
   7.4528121978886154e-05  -2.2430187242763798e-06  -3.9734175895443104e-05   0.0000000000000000e+00
   7.3640628259985925e-05  -2.2167853043180348e-06  -3.9232402022020112e-05   0.0000000000000000e+00
   7.2763097254050415e-05  -2.1909033855694022e-06  -3.8737171344115984e-05   0.0000000000000000e+00
   7.1899157288600287e-05  -2.1653402415900720e-06  -3.8248388710638164e-05   0.0000000000000000e+00
   7.1052355529940066e-05  -2.1400637587732112e-06  -3.7765958946915902e-05   0.0000000000000000e+00
   7.0223086818161447e-05  -2.1150656261535594e-06  -3.7289785962494470e-05   0.0000000000000000e+00
   6.9407652638504974e-05  -2.0903684409434378e-06  -3.6819772477756451e-05   0.0000000000000000e+00
   6.8602081074157429e-05  -2.0659968647643179e-06  -3.6355821133658248e-05   0.0000000000000000e+00
   6.7802400227882925e-05  -2.0419755590899240e-06  -3.5897834571196675e-05   0.0000000000000000e+00
   6.7006023455258665e-05  -2.0183187308006119e-06  -3.5445718291422839e-05   0.0000000000000000e+00
   6.6215508478181803e-05  -1.9950017619084567e-06  -3.4999388416674422e-05   0.0000000000000000e+00
   6.5434606952784362e-05  -1.9719910237259624e-06  -3.4558763534338569e-05   0.0000000000000000e+00
   6.4667070535198392e-05  -1.9492528875656312e-06  -3.4123762231802434e-05   0.0000000000000000e+00
   6.3916215195444868e-05  -1.9267570508424706e-06  -3.3694302924803602e-05   0.0000000000000000e+00
   6.3180757751993207e-05  -1.9045083216833338e-06  -3.3270302217127421e-05   0.0000000000000000e+00
   6.2456654965339708e-05  -1.8825325789710733e-06  -3.2851675625164499e-05   0.0000000000000000e+00
   6.1739826065708051e-05  -1.8608559881010829e-06  -3.2438338650519462e-05   0.0000000000000000e+00
   6.1026281753719566e-05  -1.8395040297699121e-06  -3.2030206958592004e-05   0.0000000000000000e+00
   6.0315399067143054e-05  -1.8184769860611297e-06  -3.1627202242847070e-05   0.0000000000000000e+00
   5.9610821418522197e-05  -1.7977432032413947e-06  -3.1229253836502892e-05   0.0000000000000000e+00
   5.8916466872152276e-05  -1.7772689716801451e-06  -3.0836291564593752e-05   0.0000000000000000e+00
   5.8236246261016715e-05  -1.7570206361204730e-06  -3.0448245248861066e-05   0.0000000000000000e+00
   5.7571895872780516e-05  -1.7369808921389282e-06  -3.0065043720827937e-05   0.0000000000000000e+00
   5.6919939380446682e-05  -1.7171716299857722e-06  -2.9686613438359808e-05   0.0000000000000000e+00
   5.6276135600582766e-05  -1.6976204910170679e-06  -2.9312880511030976e-05   0.0000000000000000e+00
   5.5636243349756220e-05  -1.6783551165888775e-06  -2.8943771048415742e-05   0.0000000000000000e+00
   5.4997382743268078e-05  -1.6593929081531995e-06  -2.8579213265474096e-05   0.0000000000000000e+00
   5.4362257269555817e-05  -1.6407092681475084e-06  -2.8219144012415066e-05   0.0000000000000000e+00
   5.3735001676999895e-05  -1.6222688328459466e-06  -2.7863502353035401e-05   0.0000000000000000e+00
   5.3119750714794295e-05  -1.6040362385165380e-06  -2.7512227351133129e-05   0.0000000000000000e+00
   5.2519717844652735e-05  -1.5859831885529310e-06  -2.7165257624128988e-05   0.0000000000000000e+00
   5.1932536190454162e-05  -1.5681241926924496e-06  -2.6822529085688505e-05   0.0000000000000000e+00
   5.1353748771044301e-05  -1.5504897937078777e-06  -2.6483976636790723e-05   0.0000000000000000e+00
   5.0778894934864673e-05  -1.5331105625273875e-06  -2.6149535176636351e-05   0.0000000000000000e+00
   5.0204247175331983e-05  -1.5160114669634939e-06  -2.5819140579122563e-05   0.0000000000000000e+00
   4.9631646935486579e-05  -1.4991749137120330e-06  -2.5492736121914912e-05   0.0000000000000000e+00
   4.9065491830511538e-05  -1.4825637737308340e-06  -2.5170268481040901e-05   0.0000000000000000e+00
   4.8510192879673443e-05  -1.4661408155360094e-06  -2.4851684350348390e-05   0.0000000000000000e+00
   4.7969439673511392e-05  -1.4498743517542114e-06  -2.4536930071330898e-05   0.0000000000000000e+00
   4.7441213641220310e-05  -1.4337765616842461e-06  -2.4225949197548184e-05   0.0000000000000000e+00
   4.6920782731478623e-05  -1.4178804774622937e-06  -2.3918683957263916e-05   0.0000000000000000e+00
   4.6403398396029392e-05  -1.4022192580019000e-06  -2.3615076570684465e-05   0.0000000000000000e+00
   4.5885210088975715e-05  -1.3868191087497280e-06  -2.3315070277744435e-05   0.0000000000000000e+00
   4.5368446256460966e-05  -1.3716591639288997e-06  -2.3018615221389108e-05   0.0000000000000000e+00
   4.4857856040876213e-05  -1.3566990393529433e-06  -2.2725664406945060e-05   0.0000000000000000e+00
   4.4358196704587661e-05  -1.3418982879602985e-06  -2.2436170848959498e-05   0.0000000000000000e+00
   4.3872861394225313e-05  -1.3272273831960850e-06  -2.2150086918744893e-05   0.0000000000000000e+00
   4.3398697294123111e-05  -1.3127092025816186e-06  -2.1867361900932435e-05   0.0000000000000000e+00
   4.2930590436441307e-05  -1.2983823237543007e-06  -2.1587944155392166e-05   0.0000000000000000e+00
   4.2463429176821275e-05  -1.2842853052628687e-06  -2.1311782044404458e-05   0.0000000000000000e+00
   4.1994477243500278e-05  -1.2704372584446158e-06  -2.1038826211807392e-05   0.0000000000000000e+00
   4.1527731716516646e-05  -1.2568021685835915e-06  -2.0769033768858346e-05   0.0000000000000000e+00
   4.1068374539606530e-05  -1.2433343204667939e-06  -2.0502362964882432e-05   0.0000000000000000e+00
   4.0621504841997582e-05  -1.2299886885630079e-06  -2.0238772013154242e-05   0.0000000000000000e+00
   4.0188059059302230e-05  -1.2167549143821519e-06  -1.9978217314859366e-05   0.0000000000000000e+00
   3.9762946683242963e-05  -1.2036728320092080e-06  -1.9720652647555592e-05   0.0000000000000000e+00
   3.9340605459040820e-05  -1.1907862042486067e-06  -1.9466031583441682e-05   0.0000000000000000e+00
   3.8916033154321029e-05  -1.1781341057161021e-06  -1.9214308140923973e-05   0.0000000000000000e+00
   3.8490693589407349e-05  -1.1657014809161927e-06  -1.8965441490348415e-05   0.0000000000000000e+00
   3.8070201335468635e-05  -1.1534385266308454e-06  -1.8719394109243648e-05   0.0000000000000000e+00
   3.7660239032282447e-05  -1.1412948698332904e-06  -1.8476128529448312e-05   0.0000000000000000e+00
   3.7264253607015204e-05  -1.1292391415125851e-06  -1.8235606446336292e-05   0.0000000000000000e+00
   3.6877874549305505e-05  -1.1173064224804378e-06  -1.7997786630482029e-05   0.0000000000000000e+00
   3.6495023706822653e-05  -1.1055463088556008e-06  -1.7762627213566448e-05   0.0000000000000000e+00
   3.6109860016714876e-05  -1.0940063650140518e-06  -1.7530086476862197e-05   0.0000000000000000e+00
   3.5722339830967458e-05  -1.0826844742756841e-06  -1.7300126359523736e-05   0.0000000000000000e+00
   3.5338414935311614e-05  -1.0715271419775200e-06  -1.7072712583527485e-05   0.0000000000000000e+00
   3.4964313822744110e-05  -1.0604785022084377e-06  -1.6847811045438440e-05   0.0000000000000000e+00
   3.4604170994860411e-05  -1.0495007346883957e-06  -1.6625387062251853e-05   0.0000000000000000e+00
   3.4253565959735632e-05  -1.0386297444911828e-06  -1.6405403583133014e-05   0.0000000000000000e+00
   3.3905893767591290e-05  -1.0279202619448435e-06  -1.6187822952638380e-05   0.0000000000000000e+00
   3.3554937057824968e-05  -1.0174236674420893e-06  -1.5972607687839481e-05   0.0000000000000000e+00
   3.3201343847626468e-05  -1.0071320038787895e-06  -1.5759723361569939e-05   0.0000000000000000e+00
   3.2851651544770008e-05  -9.9698641211660848e-07  -1.5549138168016050e-05   0.0000000000000000e+00
   3.2512575389709846e-05  -9.8692649768241390e-07  -1.5340820384704525e-05   0.0000000000000000e+00
   3.2187131115281916e-05  -9.7692431299636529e-07  -1.5134737823307020e-05   0.0000000000000000e+00
   3.1869576132069226e-05  -9.6702872620029897e-07  -1.4930857192616348e-05   0.0000000000000000e+00
   3.1552900487971704e-05  -9.5729972096438213e-07  -1.4729145041834551e-05   0.0000000000000000e+00
   3.1231508512023945e-05  -9.4778475577630868e-07  -1.4529568228588356e-05   0.0000000000000000e+00
   3.0908840710559088e-05  -9.3845126276497664e-07  -1.4332095581102873e-05   0.0000000000000000e+00
   3.0591893025218917e-05  -9.2923518634802200e-07  -1.4136696702968197e-05   0.0000000000000000e+00
   3.0287279834736749e-05  -9.2007586407909350e-07  -1.3943341237352206e-05   0.0000000000000000e+00
   2.9994440420268398e-05  -9.1097643399002958e-07  -1.3751999521170040e-05   0.0000000000000000e+00
   2.9706514706172153e-05  -9.0199604756358519e-07  -1.3562642500410297e-05   0.0000000000000000e+00
   2.9416478260637312e-05  -8.9319531812403997e-07  -1.3375241138387149e-05   0.0000000000000000e+00
   2.9121938464928952e-05  -8.8459371032300852e-07  -1.3189766084351372e-05   0.0000000000000000e+00
   2.8828839193810799e-05  -8.7613662804226213e-07  -1.3006187422291883e-05   0.0000000000000000e+00
   2.8543996119903533e-05  -8.6776173017834349e-07  -1.2824475177086990e-05   0.0000000000000000e+00
   2.8271895619974262e-05  -8.5942742714884883e-07  -1.2644600305298099e-05   0.0000000000000000e+00
   2.8008103645021138e-05  -8.5117160077165082e-07  -1.2466537331522000e-05   0.0000000000000000e+00
   2.7746051039883561e-05  -8.4305115436433256e-07  -1.2290261634365644e-05   0.0000000000000000e+00
   2.7480022757816483e-05  -8.3511544564655727e-07  -1.2115748244563885e-05   0.0000000000000000e+00
   2.7211950782663982e-05  -8.2734627485107440e-07  -1.1942969078272139e-05   0.0000000000000000e+00
   2.6947796709317525e-05  -8.1968984271976970e-07  -1.1771894410414788e-05   0.0000000000000000e+00
   2.6693397898445238e-05  -8.1209342748181236e-07  -1.1602494623199048e-05   0.0000000000000000e+00
   2.6449559691337212e-05  -8.0454813335277714e-07  -1.1434743926705278e-05   0.0000000000000000e+00
   2.6211172246111197e-05  -7.9709658238189989e-07  -1.1268621030712505e-05   0.0000000000000000e+00
   2.5972788141622435e-05  -7.8978433684186433e-07  -1.1104104901806323e-05   0.0000000000000000e+00
   2.5731083971676903e-05  -7.8263870494722618e-07  -1.0941172912170180e-05   0.0000000000000000e+00
   2.5489412120409098e-05  -7.7562962231040181e-07  -1.0779797422773041e-05   0.0000000000000000e+00
   2.5252433145565461e-05  -7.6871578193125218e-07  -1.0619949812596986e-05   0.0000000000000000e+00
   2.5024420999049132e-05  -7.6185916668013163e-07  -1.0461601889432914e-05   0.0000000000000000e+00
   2.4804783963310158e-05  -7.5506316444659503e-07  -1.0304730857891273e-05   0.0000000000000000e+00
   2.4589605335032057e-05  -7.4835945750000207e-07  -1.0149317610533040e-05   0.0000000000000000e+00
   2.4374905394984145e-05  -7.4178026490021054e-07  -9.9953431099782411e-06   0.0000000000000000e+00
   2.4158311764130240e-05  -7.3534476616294611e-07  -9.8427867269913499e-06   0.0000000000000000e+00
   2.3942159531371382e-05  -7.2903395147965151e-07  -9.6916231702192651e-06   0.0000000000000000e+00
   2.3729641082309891e-05  -7.2282185622398502e-07  -9.5418262992711230e-06   0.0000000000000000e+00
   2.3523869327880215e-05  -7.1668309055806662e-07  -9.3933700793337870e-06   0.0000000000000000e+00
   2.3325423115228012e-05  -7.1061059187540252e-07  -9.2462318419584062e-06   0.0000000000000000e+00
   2.3131878989192358e-05  -7.0461901126483134e-07  -9.1003929070895364e-06   0.0000000000000000e+00
   2.2940639527464610e-05  -6.9872425800615876e-07  -8.9558348257775105e-06   0.0000000000000000e+00
   2.2749281940480303e-05  -6.9294124029065095e-07  -8.8125389790395674e-06   0.0000000000000000e+00
   2.2557878859087716e-05  -6.8727056122154317e-07  -8.6704843181994131e-06   0.0000000000000000e+00
   2.2368365468371088e-05  -6.8170214674235378e-07  -8.5296479810843263e-06   0.0000000000000000e+00
   2.2182721608300774e-05  -6.7622566681084708e-07  -8.3900070620428697e-06   0.0000000000000000e+00
   2.2002789715460167e-05  -6.7083129467574458e-07  -8.2515388320206260e-06   0.0000000000000000e+00
   2.1828468492187822e-05  -6.6551632323464183e-07  -8.1142230601380456e-06   0.0000000000000000e+00
   2.1658215748847114e-05  -6.6028332318736212e-07  -7.9780413674148805e-06   0.0000000000000000e+00
   2.1490455294390022e-05  -6.5513498977653118e-07  -7.8429754185710354e-06   0.0000000000000000e+00
   2.1323646616819973e-05  -6.5007399476573380e-07  -7.7090068586161804e-06   0.0000000000000000e+00
   2.1157436720796534e-05  -6.4510222845852711e-07  -7.5761166765382565e-06   0.0000000000000000e+00
   2.0992908825604795e-05  -6.4022063603966573e-07  -7.4442850679148627e-06   0.0000000000000000e+00
   2.0831232133603407e-05  -6.3543010611167889e-07  -7.3134921808238348e-06   0.0000000000000000e+00
   2.0673575822063551e-05  -6.3073152719475772e-07  -7.1837181633654179e-06   0.0000000000000000e+00
   2.0520711513342009e-05  -6.2612448302484052e-07  -7.0549435188419775e-06   0.0000000000000000e+00
   2.0372006266150482e-05  -6.2160394752809860e-07  -6.9271500054868467e-06   0.0000000000000000e+00
   2.0226517104325887e-05  -6.1716387708920658e-07  -6.8003196585392312e-06   0.0000000000000000e+00
   2.0083301051705148e-05  -6.1279822809283916e-07  -6.6744345132383332e-06   0.0000000000000000e+00
   1.9941441174494971e-05  -6.0850116676202797e-07  -6.5494766126802784e-06   0.0000000000000000e+00
   1.9800762443307681e-05  -6.0427283727044949e-07  -6.4254282237921807e-06   0.0000000000000000e+00
   1.9661921069032467e-05  -6.0012008157293878e-07  -6.3022718642845677e-06   0.0000000000000000e+00
   1.9525617244539670e-05  -5.9605009601245808e-07  -6.1799900651372388e-06   0.0000000000000000e+00
   1.9392551162699634e-05  -5.9207007693196949e-07  -6.0585653573299950e-06   0.0000000000000000e+00
   1.9263354863543788e-05  -5.8818634894471434e-07  -5.9379802862540137e-06   0.0000000000000000e+00
   1.9137909268125650e-05  -5.8439562924702423e-07  -5.8182175561296403e-06   0.0000000000000000e+00
   1.9015629558026740e-05  -5.8068867785213422e-07  -5.6992599696609709e-06   0.0000000000000000e+00
   1.8895923957219695e-05  -5.7705616577985632e-07  -5.5810903310233328e-06   0.0000000000000000e+00
   1.8778200689677173e-05  -5.7348876405000258e-07  -5.4636914443920574e-06   0.0000000000000000e+00
   1.8661937789196541e-05  -5.6997832754133240e-07  -5.3470462083910223e-06   0.0000000000000000e+00
   1.8547247690617888e-05  -5.6652746952304127e-07  -5.2311383799510945e-06   0.0000000000000000e+00
   1.8434581195662845e-05  -5.6314454140593785e-07  -5.1159521737934546e-06   0.0000000000000000e+00
   1.8324392271739017e-05  -5.5983794828561891e-07  -5.0014718089222746e-06   0.0000000000000000e+00
   1.8217134886254013e-05  -5.5661609525768101e-07  -4.8876815043417232e-06   0.0000000000000000e+00
   1.8113222264294352e-05  -5.5348657535839656e-07  -4.7745654579122989e-06   0.0000000000000000e+00
   1.8012575054462066e-05  -5.5044716379047861e-07  -4.6621076118665448e-06   0.0000000000000000e+00
   1.7914786879639740e-05  -5.4748911761339952e-07  -4.5502917387234311e-06   0.0000000000000000e+00
   1.7819445481968951e-05  -5.4460357667410047e-07  -4.4391016079500567e-06   0.0000000000000000e+00
   1.7726138603591274e-05  -5.4178168081952267e-07  -4.3285209890135194e-06   0.0000000000000000e+00
   1.7634468073459770e-05  -5.3901487675935086e-07  -4.2185336812594039e-06   0.0000000000000000e+00
   1.7544387462144563e-05  -5.3630227343384767e-07  -4.1091242300863586e-06   0.0000000000000000e+00
   1.7456218223107956e-05  -5.3365099363039704e-07  -4.0002779611821515e-06   0.0000000000000000e+00
   1.7370299126916180e-05  -5.3106853736681820e-07  -3.8919802369645698e-06   0.0000000000000000e+00
   1.7286968944135474e-05  -5.2856240466093007e-07  -3.7842164198514071e-06   0.0000000000000000e+00
   1.7206564111128263e-05  -5.2614004432586715e-07  -3.6769718699557785e-06   0.0000000000000000e+00
   1.7129197407044295e-05  -5.2380399887778592e-07  -3.5702317265631065e-06   0.0000000000000000e+00
   1.7054575728715495e-05  -5.2154790712182222e-07  -3.4639807282113637e-06   0.0000000000000000e+00
   1.6982363084658542e-05  -5.1936446703581289e-07  -3.3582035710927889e-06   0.0000000000000000e+00
   1.6912223483390122e-05  -5.1724637659759422e-07  -3.2528849513996276e-06   0.0000000000000000e+00
   1.6843821041768059e-05  -5.1518633597435866e-07  -3.1480095655041718e-06   0.0000000000000000e+00
   1.6776962704083627e-05  -5.1317993158732032e-07  -3.0435623471419732e-06   0.0000000000000000e+00
   1.6711879508413052e-05  -5.1123131993672482e-07  -2.9395289348451319e-06   0.0000000000000000e+00
   1.6648880843729943e-05  -5.0934624083624202e-07  -2.8358950973561991e-06   0.0000000000000000e+00
   1.6588276099007898e-05  -5.0753043409954149e-07  -2.7326466034177237e-06   0.0000000000000000e+00
   1.6530374657860640e-05  -5.0578963943592719e-07  -2.6297692217618797e-06   0.0000000000000000e+00
   1.6475367506245939e-05  -5.0412729115253493e-07  -2.5272484919055248e-06   0.0000000000000000e+00
   1.6423021666981403e-05  -5.0253856827868781e-07  -2.4250691325819939e-06   0.0000000000000000e+00
   1.6373009303098026e-05  -5.0101680276357946e-07  -2.3232156788781139e-06   0.0000000000000000e+00
   1.6325002577626813e-05  -4.9955532655640334e-07  -2.2216726658807123e-06   0.0000000000000000e+00
   1.6278674243891437e-05  -4.9814747762836981e-07  -2.1204246302032246e-06   0.0000000000000000e+00
   1.6233886399956011e-05  -4.9678852559778666e-07  -2.0194565981400402e-06   0.0000000000000000e+00
   1.6190960585727486e-05  -4.9547842719230861e-07  -1.9187547841881866e-06   0.0000000000000000e+00
   1.6150286675401733e-05  -4.9421783626870286e-07  -1.8183055795699573e-06   0.0000000000000000e+00
   1.6112254543174608e-05  -4.9300740668373638e-07  -1.7180953755076467e-06   0.0000000000000000e+00
   1.6077224157538775e-05  -4.9184814468288944e-07  -1.6181108359189613e-06   0.0000000000000000e+00
   1.6045089849254901e-05  -4.9074654327381767e-07  -1.5183428706432663e-06   0.0000000000000000e+00
   1.6015377979312141e-05  -4.8971343137272876e-07  -1.4187857448554495e-06   0.0000000000000000e+00
   1.5987604876550047e-05  -4.8875975610794027e-07  -1.3194338152086424e-06   0.0000000000000000e+00
   1.5961295495944156e-05  -4.8789657813187879e-07  -1.2202816186396321e-06   0.0000000000000000e+00
   1.5936336160008688e-05  -4.8713971386801673e-07  -1.1213312445584742e-06   0.0000000000000000e+00
   1.5913098258014587e-05  -4.8651136345222554e-07  -1.0225949201250817e-06   0.0000000000000000e+00
   1.5891987219294161e-05  -4.8603417500399659e-07  -9.2408558392644798e-07   0.0000000000000000e+00
   1.5873309956316444e-05  -4.8573186107447243e-07  -8.2581633991975409e-07   0.0000000000000000e+00
   1.5856164739500394e-05  -4.8564119306392080e-07  -7.2780232088603393e-07   0.0000000000000000e+00
   1.5838838878380460e-05  -4.8580770445054198e-07  -6.3006002088345604e-07   0.0000000000000000e+00
   1.5819660885116051e-05  -4.8627379134036665e-07  -5.3260520123158337e-07   0.0000000000000000e+00
   1.5798480107184159e-05  -4.8699255329901295e-07  -4.3543311062167378e-07   0.0000000000000000e+00
   1.5776805620856744e-05  -4.8781963815771223e-07  -3.3851661175784719e-07   0.0000000000000000e+00
   1.5755044720189324e-05  -4.8861861674462216e-07  -2.4181079279708572e-07   0.0000000000000000e+00
   1.5727291413616901e-05  -4.8932150870901836e-07  -1.4518214197792166e-07   0.0000000000000000e+00
   1.5694355347179937e-05  -4.8965319825160055e-07  -4.8459378224084305e-08   0.0000000000000000e+00
