   9.1183887790887309e-04   6.8096890442204301e-04   9.5545735456640171e-07   0.0000000000000000e+00
   2.4946049894640468e-03   2.0964021964723803e-03   8.2875509643608543e-06   0.0000000000000000e+00
   3.7818459114380074e-03   3.6436341129869039e-03   2.1124184573150820e-05   0.0000000000000000e+00
   4.7914898163011546e-03   5.3479734057673483e-03   3.5882738242800678e-05   0.0000000000000000e+00
   5.5357329918051040e-03   7.2052123885539008e-03   4.8550506544832143e-05   0.0000000000000000e+00
   6.0206096364033186e-03   9.1628655519591911e-03   5.5123802241889409e-05   0.0000000000000000e+00
   6.2513906971172822e-03   1.1159131874791745e-02   5.1669146780261078e-05   0.0000000000000000e+00
   6.2411308999336277e-03   1.3127314753739109e-02   3.5606192373232772e-05   0.0000000000000000e+00
   6.0100173686079552e-03   1.4996231687423917e-02   5.5944860084479149e-06   0.0000000000000000e+00
   5.5785937579703807e-03   1.6694976588347444e-02  -3.9639532484880975e-05   0.0000000000000000e+00
   4.9724355364312231e-03   1.8176565637097093e-02  -1.0022885449173176e-04   0.0000000000000000e+00
   4.2246175001706045e-03   1.9429668348096216e-02  -1.7460658744222947e-04   0.0000000000000000e+00
   3.3688257183657725e-03   2.0445860352276232e-02  -2.6106728059278791e-04   0.0000000000000000e+00
   2.4383064101966305e-03   2.1218488283265405e-02  -3.5788268835170584e-04   0.0000000000000000e+00
   1.4600379855856118e-03   2.1766135348899977e-02  -4.6299974129891908e-04   0.0000000000000000e+00
   4.5632942952961034e-04   2.2126185630463546e-02  -5.7412338108039029e-04   0.0000000000000000e+00
  -5.5062173593125111e-04   2.2336472001323913e-02  -6.8895277287013589e-04   0.0000000000000000e+00
  -1.5388038519462935e-03   2.2434728974038465e-02  -8.0520114939498040e-04   0.0000000000000000e+00
  -2.4930225458943611e-03   2.2455083279546317e-02  -9.2109772793107312e-04   0.0000000000000000e+00
  -3.4067102018720910e-03   2.2427096275812086e-02  -1.0355246649193998e-03   0.0000000000000000e+00
  -4.2738532596470653e-03   2.2380036108545862e-02  -1.1474060519868928e-03   0.0000000000000000e+00
  -5.0884381589868678e-03   2.2343170923457740e-02  -1.2556659807604824e-03   0.0000000000000000e+00
  -5.8448174312190739e-03   2.2342240796841797e-02  -1.3593487286228192e-03   0.0000000000000000e+00
  -6.5398050041922109e-03   2.2379265023812552e-02  -1.4583066352921116e-03   0.0000000000000000e+00
  -7.1712291941754443e-03   2.2446487113441008e-02  -1.5527250583767633e-03   0.0000000000000000e+00
  -7.7369214798498212e-03   2.2536120098245745e-02  -1.6427903936868287e-03   0.0000000000000000e+00
  -8.2347133398963865e-03   2.2640377010745338e-02  -1.7286890370323607e-03   0.0000000000000000e+00
  -8.6624085134207676e-03   2.2747595868799379e-02  -1.8106639065333019e-03   0.0000000000000000e+00
  -9.0176867612030889e-03   2.2828795830063083e-02  -1.8892105392206240e-03   0.0000000000000000e+00
  -9.2981932213364107e-03   2.2850159517462273e-02  -1.9648950195009407e-03   0.0000000000000000e+00
  -9.5015730303464243e-03   2.2777869334971355e-02  -2.0382834349745665e-03   0.0000000000000000e+00
  -9.6254713247588067e-03   2.2578107686564750e-02  -2.1099418732418158e-03   0.0000000000000000e+00
  -9.6683427544366589e-03   2.2220903474863583e-02  -2.1803559410050431e-03   0.0000000000000000e+00
  -9.6330236622001256e-03   2.1697105736328392e-02  -2.2495756220219632e-03   0.0000000000000000e+00
  -9.5238260690834065e-03   2.1004575367497967e-02  -2.3175041897957696e-03   0.0000000000000000e+00
  -9.3450631154901233e-03   2.0141178583727607e-02  -2.3840448065432221e-03   0.0000000000000000e+00
  -9.1010479418238855e-03   1.9104781600372607e-02  -2.4491006344810775e-03   0.0000000000000000e+00
  -8.7964498397241162e-03   1.7895846711479570e-02  -2.5125401375426393e-03   0.0000000000000000e+00
  -8.4393086106849501e-03   1.6539404731242668e-02  -2.5739034053792369e-03   0.0000000000000000e+00
  -8.0395213404580480e-03   1.5074024700316740e-02  -2.6325495804233011e-03   0.0000000000000000e+00
  -7.6070044983863171e-03   1.3538416951378493e-02  -2.6878359166473183e-03   0.0000000000000000e+00
  -7.1516745538126704e-03   1.1971291817104632e-02  -2.7391196680237738e-03   0.0000000000000000e+00
  -6.6833483305186511e-03   1.0410979293691667e-02  -2.7857677261601123e-03   0.0000000000000000e+00
  -6.2097257915527705e-03   8.8877295456883162e-03  -2.8273517236550101e-03   0.0000000000000000e+00
  -5.7364829188730274e-03   7.4240674176850839e-03  -2.8636390508574006e-03   0.0000000000000000e+00
  -5.2692146365281431e-03   6.0422083648778730e-03  -2.8944049379690880e-03   0.0000000000000000e+00
  -4.8135158685668417e-03   4.7643678424625835e-03  -2.9194246151918735e-03   0.0000000000000000e+00
  -4.3749430483504426e-03   3.6125585015137416e-03  -2.9384770372677736e-03   0.0000000000000000e+00
  -3.9569121570938249e-03   2.5975151348450638e-03  -2.9515482791705140e-03   0.0000000000000000e+00
  -3.5596151592729654e-03   1.7129854683684276e-03  -2.9589363869193378e-03   0.0000000000000000e+00
  -3.1829773522993113e-03   9.5131218216853454e-04  -2.9609652104947148e-03   0.0000000000000000e+00
  -2.8269240335843078e-03   3.0483795633008692e-04  -2.9579585998771147e-03   0.0000000000000000e+00
  -2.4913769455650317e-03  -2.3410730587577642e-04  -2.9502406133255208e-03   0.0000000000000000e+00
  -2.1758778543956876e-03  -6.7455936112947206e-04  -2.9381575711148523e-03   0.0000000000000000e+00
  -1.8792561120929939e-03  -1.0281144297517586e-03  -2.9220975323747795e-03   0.0000000000000000e+00
  -1.6002626762469281e-03  -1.3066504868303372e-03  -2.9024531492005219e-03   0.0000000000000000e+00
  -1.3376485044474689e-03  -1.5220455074529090e-03  -2.8796170736873016e-03   0.0000000000000000e+00
  -1.0901678123347563e-03  -1.6861443589943894e-03  -2.8539812199948433e-03   0.0000000000000000e+00
  -8.5679290808484559e-04  -1.8085756921727791e-03  -2.8258881051848633e-03   0.0000000000000000e+00
  -6.3684782750806886e-04  -1.8953939655013197e-03  -2.7956005813990887e-03   0.0000000000000000e+00
  -4.2968852044901858e-04  -1.9523293328854790e-03  -2.7633742723765353e-03   0.0000000000000000e+00
  -2.3467093675228748e-04  -1.9851119482307261e-03  -2.7294648018562177e-03   0.0000000000000000e+00
  -5.1158122937698054e-05  -1.9993740271750660e-03  -2.6941251706393038e-03   0.0000000000000000e+00
   1.2135275040574497e-04  -1.9988967947820882e-03  -2.6575588071447078e-03   0.0000000000000000e+00
   2.8324480333351921e-04  -1.9858094170175215e-03  -2.6199248951008351e-03   0.0000000000000000e+00
   4.3489695385663305e-04  -1.9621830691765774e-03  -2.5813810651564976e-03   0.0000000000000000e+00
   5.7668811998609561e-04  -1.9300889265544650e-03  -2.5420849479605087e-03   0.0000000000000000e+00
   7.0898600764848188e-04  -1.8914261775475770e-03  -2.5021869738339922e-03   0.0000000000000000e+00
   8.3210752820671405e-04  -1.8473148512861588e-03  -2.4618049531597193e-03   0.0000000000000000e+00
   9.4635521586930416e-04  -1.7986544396564263e-03  -2.4210474634054242e-03   0.0000000000000000e+00
   1.0520316039375026e-03  -1.7463444206277259e-03  -2.3800230814562014e-03   0.0000000000000000e+00
   1.1494402861887622e-03  -1.6912712503556211e-03  -2.3388393921045443e-03   0.0000000000000000e+00
   1.2389025700198398e-03  -1.6341038756809440e-03  -2.2975874087661986e-03   0.0000000000000000e+00
   1.3207544091189244e-03  -1.5753313985038615e-03  -2.2563444430148921e-03   0.0000000000000000e+00
   1.3953321972234322e-03  -1.5154375172661070e-03  -2.2151873947511983e-03   0.0000000000000000e+00
   1.4629717837999472e-03  -1.4549039458712175e-03  -2.1741929272600276e-03   0.0000000000000000e+00
   1.5239859535232912e-03  -1.3941282986208294e-03  -2.1334276766657267e-03   0.0000000000000000e+00
   1.5786563771288886e-03  -1.3333947411479747e-03  -2.0929447526550605e-03   0.0000000000000000e+00
   1.6272625258947687e-03  -1.2729794193518384e-03  -2.0527963087252610e-03   0.0000000000000000e+00
   1.6700842564921832e-03  -1.2131572680006285e-03  -2.0130343138998166e-03   0.0000000000000000e+00
   1.7074175003344760e-03  -1.1541527056184158e-03  -1.9737030428066847e-03   0.0000000000000000e+00
   1.7395797255176627e-03  -1.0961224698723228e-03  -1.9348364612456030e-03   0.0000000000000000e+00
   1.7668899073026360e-03  -1.0392185620356708e-03  -1.8964678135911925e-03   0.0000000000000000e+00
   1.7896645220143439e-03  -9.8359102939250950e-04  -1.8586299269235391e-03   0.0000000000000000e+00
   1.8081769196676965e-03  -9.2935619753534181e-04  -1.8213484267081428e-03   0.0000000000000000e+00
   1.8226640499389773e-03  -8.7660192959395809e-04  -1.7846428599584093e-03   0.0000000000000000e+00
   1.8333617208975269e-03  -8.2541519604312664e-04  -1.7485325830520694e-03   0.0000000000000000e+00
   1.8405106811106243e-03  -7.7587711472222858e-04  -1.7130357524105049e-03   0.0000000000000000e+00
   1.8443788077179733e-03  -7.2803666629644331e-04  -1.6781639354223419e-03   0.0000000000000000e+00
   1.8452432407678003e-03  -6.8193185836166526e-04  -1.6439264496855921e-03   0.0000000000000000e+00
   1.8433803127533980e-03  -6.3760046396628271e-04  -1.6103325566491199e-03   0.0000000000000000e+00
   1.8390242492938513e-03  -5.9506863304348528e-04  -1.5773887185258437e-03   0.0000000000000000e+00
   1.8323476582612918e-03  -5.5434550666069965e-04  -1.5450973012233792e-03   0.0000000000000000e+00
   1.8235182516381377e-03  -5.1543887443167118e-04  -1.5134603451739707e-03   0.0000000000000000e+00
   1.8127099123432463e-03  -4.7835274773439613e-04  -1.4824792119405136e-03   0.0000000000000000e+00
   1.8001280144350625e-03  -4.4307185708885482e-04  -1.4521517987219944e-03   0.0000000000000000e+00
   1.7859879514076297e-03  -4.0957479848582938e-04  -1.4224749004717668e-03   0.0000000000000000e+00
   1.7705016537755537e-03  -3.7783970304775146e-04  -1.3934452036152077e-03   0.0000000000000000e+00
   1.7538204588300797e-03  -3.4783662275955114e-04  -1.3650575060056055e-03   0.0000000000000000e+00
   1.7360441574833727e-03  -3.1952873672069023e-04  -1.3373049988965743e-03   0.0000000000000000e+00
   1.7172710591070379e-03  -2.9287896230673191e-04  -1.3101808151350515e-03   0.0000000000000000e+00
   1.6976174653931101e-03  -2.6784546225630740e-04  -1.2836772852668587e-03   0.0000000000000000e+00
   1.6772338222284598e-03  -2.4437737638905295e-04  -1.2577852173034844e-03   0.0000000000000000e+00
   1.6562743891167363e-03  -2.2242283674113182e-04  -1.2324952492022544e-03   0.0000000000000000e+00
   1.6348759500073983e-03  -2.0192938508575918e-04  -1.2077977821509942e-03   0.0000000000000000e+00
   1.6131022763754357e-03  -1.8284209709075832e-04  -1.1836822281198521e-03   0.0000000000000000e+00
   1.5909980747253472e-03  -1.6510540447609462e-04  -1.1601377407750918e-03   0.0000000000000000e+00
   1.5686117190694541e-03  -1.4866349566160952e-04  -1.1371534208386102e-03   0.0000000000000000e+00
   1.5460266539135826e-03  -1.3345823256641980e-04  -1.1147178627674444e-03   0.0000000000000000e+00
   1.5233458091707538e-03  -1.1943018448985213e-04  -1.0928193797343951e-03   0.0000000000000000e+00
   1.5006709013817817e-03  -1.0651996497731267e-04  -1.0714462789051819e-03   0.0000000000000000e+00
   1.4780617834021430e-03  -9.4669897835012592e-05  -1.0505867793962607e-03   0.0000000000000000e+00
   1.4555306244845401e-03  -8.3824254891564916e-05  -1.0302290000341573e-03   0.0000000000000000e+00
   1.4330870346515646e-03  -7.3927415393466043e-05  -1.0103610542670275e-03   0.0000000000000000e+00
   1.4107544685469159e-03  -6.4924387255151832e-05  -9.9097108645326360e-04   0.0000000000000000e+00
   1.3885915670686045e-03  -5.6761776157427433e-05  -9.7204731950995492e-04   0.0000000000000000e+00
   1.3666624782283281e-03  -4.9386437852644750e-05  -9.5357798864966576e-04   0.0000000000000000e+00
   1.3450244218819489e-03  -4.2745890688412929e-05  -9.3555137544180814e-04   0.0000000000000000e+00
   1.3236867397031524e-03  -3.6792231987928734e-05  -9.1795608181256903e-04   0.0000000000000000e+00
   1.3026385496635730e-03  -3.1479493229650727e-05  -9.0078084500655410e-04   0.0000000000000000e+00
   1.2818695838825880e-03  -2.6761786862148200e-05  -8.8401441170681569e-04   0.0000000000000000e+00
   1.2613907281615968e-03  -2.2595511071723807e-05  -8.6764580489751160e-04   0.0000000000000000e+00
   1.2412375275628667e-03  -1.8939728573861800e-05  -8.5166436965240246e-04   0.0000000000000000e+00
   1.2214469193018869e-03  -1.5753652512442123e-05  -8.3605946922910089e-04   0.0000000000000000e+00
   1.2020459632980406e-03  -1.2997812705835295e-05  -8.2082060563338491e-04   0.0000000000000000e+00
   1.1830230370104167e-03  -1.0637895465459722e-05  -8.0593782425055188e-04   0.0000000000000000e+00
   1.1643570496572388e-03  -8.6408492488801039e-06  -7.9140130346799168e-04   0.0000000000000000e+00
   1.1460278305967775e-03  -6.9737464146061900e-06  -7.7720124022094496e-04   0.0000000000000000e+00
   1.1280351459196122e-03  -5.6063438907250498e-06  -7.6332823332210151e-04   0.0000000000000000e+00
   1.1103980399725078e-03  -4.5109945081655861e-06  -7.4977327018827694e-04   0.0000000000000000e+00
   1.0931363455004798e-03  -3.6601572591836509e-06  -7.3652735412853385e-04   0.0000000000000000e+00
   1.0762634890961050e-03  -3.0272642944305406e-06  -7.2358161690316153e-04   0.0000000000000000e+00
   1.0597635705390928e-03  -2.5902027996866916e-06  -7.1092777831107973e-04   0.0000000000000000e+00
   1.0436123024202375e-03  -2.3281340583106399e-06  -6.9855772632465020e-04   0.0000000000000000e+00
   1.0277856070596400e-03  -2.2202471873291334e-06  -6.8646335399801764e-04   0.0000000000000000e+00
   1.0122722030942188e-03  -2.2474179869853480e-06  -6.7463686264631576e-04   0.0000000000000000e+00
   9.9708074330340517e-04  -2.3931497779326303e-06  -6.6307093379461442e-04   0.0000000000000000e+00
   9.8222160695525442e-04  -2.6411734493836661e-06  -6.5175829055878591e-04   0.0000000000000000e+00
   9.6770369511196678e-04  -2.9754398505379344e-06  -6.4069169187941203e-04   0.0000000000000000e+00
   9.5351702355793086e-04  -3.3827099976960993e-06  -6.2986435438676662e-04   0.0000000000000000e+00
   9.3963856438129053e-04  -3.8516858352416825e-06  -6.1926981082854426e-04   0.0000000000000000e+00
   9.2604503017300072e-04  -4.3711079212588607e-06  -6.0890160024142245e-04   0.0000000000000000e+00
   9.1271650256146244e-04  -4.9300809669205226e-06  -5.9875334719185420e-04   0.0000000000000000e+00
   8.9965220876489830e-04  -5.5197790951473856e-06  -5.8881916229550351e-04   0.0000000000000000e+00
   8.8685813012796529e-04  -6.1321064700195547e-06  -5.7909332763508533e-04   0.0000000000000000e+00
   8.7434025467135739e-04  -6.7589682034980663e-06  -5.6957012551272731e-04   0.0000000000000000e+00
   8.6209936695831059e-04  -7.3929217289672862e-06  -5.6024397416145027e-04   0.0000000000000000e+00
   8.5011888337595048e-04  -8.0287018077616683e-06  -5.5110974552639099e-04   0.0000000000000000e+00
   8.3837860095014379e-04  -8.6614969354697217e-06  -5.4216240610193821e-04   0.0000000000000000e+00
   8.2685833777692132e-04  -9.2864971663028592e-06  -5.3339692290487947e-04   0.0000000000000000e+00
   8.1554445279552891e-04  -9.8993764001524384e-06  -5.2480842512119680e-04   0.0000000000000000e+00
   8.0443907905281269e-04  -1.0496975394693614e-05  -5.1639243302930920e-04   0.0000000000000000e+00
   7.9354667978222878e-04  -1.1076307278454579e-05  -5.0814452468068928e-04   0.0000000000000000e+00
   7.8287168043622742e-04  -1.1634388561929503e-05  -5.0006027909782415e-04   0.0000000000000000e+00
   7.7241229209945768e-04  -1.2168792034618214e-05  -4.9213543501946315e-04   0.0000000000000000e+00
   7.6215365312070737e-04  -1.2678260691701859e-05  -4.8436606716841370e-04   0.0000000000000000e+00
   7.5207924964473068e-04  -1.3161685425371618e-05  -4.7674829273099026e-04   0.0000000000000000e+00
   7.4217259917377183e-04  -1.3617958349411368e-05  -4.6927822961727230e-04   0.0000000000000000e+00
   7.3242319911486550e-04  -1.4046204536554263e-05  -4.6195213375999100e-04   0.0000000000000000e+00
   7.2283357486638321e-04  -1.4446056590552782e-05  -4.5476656179196820e-04   0.0000000000000000e+00
   7.1340796694481273e-04  -1.4817213930957988e-05  -4.4771810993280163e-04   0.0000000000000000e+00
   7.0415060846397458e-04  -1.5159376363721325e-05  -4.4080337457638643e-04   0.0000000000000000e+00
   6.9506151710270990e-04  -1.5472463729789151e-05  -4.3401905136997214e-04   0.0000000000000000e+00
   6.8612945581775816e-04  -1.5756983338004176e-05  -4.2736210095574412e-04   0.0000000000000000e+00
   6.7734132946427599e-04  -1.6013539485390494e-05  -4.2082952772530275e-04   0.0000000000000000e+00
   6.6868404289911884e-04  -1.6242736468988937e-05  -4.1441833607028407e-04   0.0000000000000000e+00
   6.6014748959551846e-04  -1.6445208066460846e-05  -4.0812559278400712e-04   0.0000000000000000e+00
   6.5173322167786448e-04  -1.6621703059946909e-05  -4.0194860808998246e-04   0.0000000000000000e+00
   6.4344563380080034e-04  -1.6772998271170376e-05  -3.9588475156315616e-04   0.0000000000000000e+00
   6.3528912061896906e-04  -1.6899870521854504e-05  -3.8993139277847445e-04   0.0000000000000000e+00
   6.2726669620822586e-04  -1.7003127868126565e-05  -3.8408592965630468e-04   0.0000000000000000e+00
   6.1937196578689541e-04  -1.7083791233398142e-05  -3.7834595329543579e-04   0.0000000000000000e+00
   6.1159460948226427e-04  -1.7142970342879265e-05  -3.7270913538285671e-04   0.0000000000000000e+00
   6.0392429436897932e-04  -1.7181775217084685e-05  -3.6717314787354695e-04   0.0000000000000000e+00
   5.9635119650685046e-04  -1.7201310689236647e-05  -3.6173567219954762e-04   0.0000000000000000e+00
   5.8887339840976954e-04  -1.7202601014393336e-05  -3.5639453700730674e-04   0.0000000000000000e+00
   5.8149522109421739e-04  -1.7186606868278918e-05  -3.5114768710121772e-04   0.0000000000000000e+00
   5.7422115508979515e-04  -1.7154287199034491e-05  -3.4599307044192747e-04   0.0000000000000000e+00
   5.6705562969251353e-04  -1.7106601225201733e-05  -3.4092863605675560e-04   0.0000000000000000e+00
   5.5999857094683790e-04  -1.7044528051167633e-05  -3.3595241141843468e-04   0.0000000000000000e+00
   5.5304240101994751e-04  -1.6969079917585651e-05  -3.3106255471519275e-04   0.0000000000000000e+00
   5.4617883122288309e-04  -1.6881272204168863e-05  -3.2625723651817786e-04   0.0000000000000000e+00
   5.3939957286668516e-04  -1.6782120290630382e-05  -3.2153462739853796e-04   0.0000000000000000e+00
   5.3269829903300773e-04  -1.6672599408916140e-05  -3.1689293037562776e-04   0.0000000000000000e+00
   5.2607713558622531e-04  -1.6553511804206853e-05  -3.1233048828007174e-04   0.0000000000000000e+00
   5.1954048451964931e-04  -1.6425613140551900e-05  -3.0784568159027104e-04   0.0000000000000000e+00
   5.1309274785875901e-04  -1.6289659081342351e-05  -3.0343689078515915e-04   0.0000000000000000e+00
   5.0673792270159725e-04  -1.6146403820442496e-05  -2.9910250227191561e-04   0.0000000000000000e+00
   5.0047394360328782e-04  -1.5996579550072989e-05  -2.9484099121497576e-04   0.0000000000000000e+00
   4.9429407630482665e-04  -1.5840901518807865e-05  -2.9065090113146707e-04   0.0000000000000000e+00
   4.8819146634180953e-04  -1.5680084538982408e-05  -2.8653077729835617e-04   0.0000000000000000e+00
   4.8215927046880476e-04  -1.5514843163810887e-05  -2.8247916515788675e-04   0.0000000000000000e+00
   4.7619363754836390e-04  -1.5345822838758284e-05  -2.7849465423182568e-04   0.0000000000000000e+00
   4.7029772221643656e-04  -1.5173507199209698e-05  -2.7457593725049726e-04   0.0000000000000000e+00
   4.6447568038133108e-04  -1.4998356754486727e-05  -2.7072172169489951e-04   0.0000000000000000e+00
   4.5873166795135578e-04  -1.4820832013910993e-05  -2.6693071504603027e-04   0.0000000000000000e+00
   4.5306919920734616e-04  -1.4641390688143301e-05  -2.6320163269135527e-04   0.0000000000000000e+00
   4.4748575161372641e-04  -1.4460464156363734e-05  -2.5953326440713708e-04   0.0000000000000000e+00
   4.4197549158664714e-04  -1.4278469355569941e-05  -2.5592444077009982e-04   0.0000000000000000e+00
   4.3653255151231423e-04  -1.4095823074327229e-05  -2.5237399277630232e-04   0.0000000000000000e+00
   4.3115108465773103e-04  -1.3912941663001073e-05  -2.4888075169712673e-04   0.0000000000000000e+00
   4.2582820221645832e-04  -1.3730179397558211e-05  -2.4544358780563590e-04   0.0000000000000000e+00
   4.2056700810868381e-04  -1.3547764791917205e-05  -2.4206145039186843e-04   0.0000000000000000e+00
   4.1537133070230022e-04  -1.3365911156895800e-05  -2.3873329829805328e-04   0.0000000000000000e+00
   4.1024499836520001e-04  -1.3184831803311737e-05  -2.3545809036641947e-04   0.0000000000000000e+00
   4.0519130487023198e-04  -1.3004739084905560e-05  -2.3223479100952914e-04   0.0000000000000000e+00
   4.0020819249971472e-04  -1.2825835774727502e-05  -2.2906242040100021e-04   0.0000000000000000e+00
   3.9529052103401088e-04  -1.2648319127272451e-05  -2.2594003083327140e-04   0.0000000000000000e+00
   3.9043311320966287e-04  -1.2472386330716326e-05  -2.2286667498476776e-04   0.0000000000000000e+00
   3.8563079685549400e-04  -1.2298234488649536e-05  -2.1984140559422986e-04   0.0000000000000000e+00
   3.8088058892402516e-04  -1.2126024342151230e-05  -2.1686330132949803e-04   0.0000000000000000e+00
   3.7618509885860638e-04  -1.1955823738047486e-05  -2.1393150709873133e-04   0.0000000000000000e+00
   3.7154781634800836e-04  -1.1787685901818845e-05  -2.1104517823616556e-04   0.0000000000000000e+00
   3.6697223108100125e-04  -1.1621664058945845e-05  -2.0820347007603624e-04   0.0000000000000000e+00
   3.6246158425308754e-04  -1.1457811865092553e-05  -2.0540554014611526e-04   0.0000000000000000e+00
   3.5801487345691571e-04  -1.1296190322311232e-05  -2.0265058343392437e-04   0.0000000000000000e+00
   3.5362753808022862e-04  -1.1136866592503565e-05  -1.9993782633649093e-04   0.0000000000000000e+00
   3.4929490743191828e-04  -1.0979908028136193e-05  -1.9726649622254627e-04   0.0000000000000000e+00
   3.4501231082087664e-04  -1.0825381981675751e-05  -1.9463582046082176e-04   0.0000000000000000e+00
   3.4077622629404643e-04  -1.0673341289187005e-05  -1.9204503865231308e-04   0.0000000000000000e+00
   3.3658835487625135e-04  -1.0523772784876568e-05  -1.8949344601456401e-04   0.0000000000000000e+00
   3.3245188122631392e-04  -1.0376644554527656e-05  -1.8698035356350077e-04   0.0000000000000000e+00
   3.2836999010468819e-04  -1.0231924682639192e-05  -1.8450507231613193e-04   0.0000000000000000e+00
   3.2434582371047832e-04  -1.0089581468417115e-05  -1.8206691360646881e-04   0.0000000000000000e+00
   3.2037980398327435e-04  -9.9495969338194360e-06  -1.7966520902940232e-04   0.0000000000000000e+00
   3.1646803778183840e-04  -9.8119748688685647e-06  -1.7729932231915838e-04   0.0000000000000000e+00
   3.1260624899743822e-04  -9.6767209955231725e-06  -1.7496862006235927e-04   0.0000000000000000e+00
   3.0879016152134147e-04  -9.5438410357419211e-06  -1.7267246884562724e-04   0.0000000000000000e+00
   3.0501586430287900e-04  -9.4133371915860130e-06  -1.7041023874318407e-04   0.0000000000000000e+00
   3.0128360522506154e-04  -9.2851715645913775e-06  -1.6818133956182139e-04   0.0000000000000000e+00
   2.9759627559821760e-04  -9.1592807683126079e-06  -1.6598520636243905e-04   0.0000000000000000e+00
   2.9395680903762130e-04  -9.0356010083991310e-06  -1.6382127461009920e-04   0.0000000000000000e+00
   2.9036813915851983e-04  -8.9140684905005615e-06  -1.6168897976986412e-04   0.0000000000000000e+00
   2.8683204189565561e-04  -8.7946273767086632e-06  -1.5958776450630008e-04   0.0000000000000000e+00
   2.8334570188027027e-04  -8.6772533839704167e-06  -1.5751710003684947e-04   0.0000000000000000e+00
   2.7990516568861712e-04  -8.5619300507938017e-06  -1.5547646465640950e-04   0.0000000000000000e+00
   2.7650647989694948e-04  -8.4486409156867957e-06  -1.5346533665987737e-04   0.0000000000000000e+00
   2.7314572738766299e-04  -8.3373692436656403e-06  -1.5148319465212799e-04   0.0000000000000000e+00
   2.6982140701006986e-04  -8.2280801004299119e-06  -1.4952953786528402e-04   0.0000000000000000e+00
   2.6653590577384333e-04  -8.1207092624280743e-06  -1.4760389872813448e-04   0.0000000000000000e+00
   2.6329196249599379e-04  -8.0151898559675362e-06  -1.4570581267315898e-04   0.0000000000000000e+00
   2.6009231599353165e-04  -7.9114550073556974e-06  -1.4383481513283706e-04   0.0000000000000000e+00
   2.5693944455362549e-04  -7.8094398700361820e-06  -1.4199044287116537e-04   0.0000000000000000e+00
   2.5383228133077601e-04  -7.7091071814973643e-06  -1.4017225077061972e-04   0.0000000000000000e+00
   2.5076720047914294e-04  -7.6104395903526950e-06  -1.3837980679222577e-04   0.0000000000000000e+00
   2.4774051944197883e-04  -7.5134201864730773e-06  -1.3661267918684754e-04   0.0000000000000000e+00
   2.4474855566253647e-04  -7.4180320597294083e-06  -1.3487043620534909e-04   0.0000000000000000e+00
   2.4178844381906586e-04  -7.3242527026537350e-06  -1.3315265230641463e-04   0.0000000000000000e+00
   2.3886146539791952e-04  -7.2320312058004664e-06  -1.3145893344840618e-04   0.0000000000000000e+00
   2.3597021398570828e-04  -7.1413076729946365e-06  -1.2978889555656479e-04   0.0000000000000000e+00
   2.3311728368494375e-04  -7.0520222045278168e-06  -1.2814215456005050e-04   0.0000000000000000e+00
   2.3030525900417272e-04  -6.9641149805387296e-06  -1.2651832642751051e-04   0.0000000000000000e+00
   2.2753496840381706e-04  -6.8775407961296299e-06  -1.2491703435520723e-04   0.0000000000000000e+00
   2.2480345076011804e-04  -6.7922859857631306e-06  -1.2333791713672984e-04   0.0000000000000000e+00
   2.2210725151951488e-04  -6.7083409905424607e-06  -1.2178061559654611e-04   0.0000000000000000e+00
   2.1944291612844693e-04  -6.6256962515708519e-06  -1.2024477055912386e-04   0.0000000000000000e+00
   2.1680711389563393e-04  -6.5443413873617657e-06  -1.1873002368263726e-04   0.0000000000000000e+00
   2.1419936296224925e-04  -6.4642470968639334e-06  -1.1723603580050532e-04   0.0000000000000000e+00
   2.1162203030191949e-04  -6.3853651594613571e-06  -1.1576248692139209e-04   0.0000000000000000e+00
   2.0907760675055182e-04  -6.3076465319482727e-06  -1.1430905788766792e-04   0.0000000000000000e+00
   2.0656858314405344e-04  -6.2310421711189106e-06  -1.1287542954170314e-04   0.0000000000000000e+00
   2.0409698074943245e-04  -6.1555067826676585e-06  -1.1146128424531005e-04   0.0000000000000000e+00
   2.0166121450334294e-04  -6.0810238641710880e-06  -1.1006631602974885e-04   0.0000000000000000e+00
   1.9925802821195269e-04  -6.0075902550206682e-06  -1.0869022433376273e-04   0.0000000000000000e+00
   1.9688415655140219e-04  -5.9352028674993326e-06  -1.0733270862563802e-04   0.0000000000000000e+00
   1.9453633466520002e-04  -5.8638586109136583e-06  -1.0599346837643907e-04   0.0000000000000000e+00
   1.9221248636280957e-04  -5.7935468247648904e-06  -1.0467221012265364e-04   0.0000000000000000e+00
   1.8991429215565482e-04  -5.7242329246735239e-06  -1.0336866273058344e-04   0.0000000000000000e+00
   1.8764417290972668e-04  -5.6558776114451570e-06  -1.0208255946719337e-04   0.0000000000000000e+00
   1.8540454949101591e-04  -5.5884415858853876e-06  -1.0081363359944832e-04   0.0000000000000000e+00
   1.8319779389867444e-04  -5.5218859238812237e-06  -9.9561618515224339e-05   0.0000000000000000e+00
   1.8102407308410250e-04  -5.4561886263436120e-06  -9.8326253058347437e-05   0.0000000000000000e+00
   1.7888049921723249e-04  -5.3913511414079017e-06  -9.7107283631089647e-05   0.0000000000000000e+00
   1.7676395997379398e-04  -5.3273766403330186e-06  -9.5904457191189077e-05   0.0000000000000000e+00
   1.7467134302951649e-04  -5.2642682943778827e-06  -9.4717520696383750e-05   0.0000000000000000e+00
   1.7259982468961418e-04  -5.2020273236649357e-06  -9.3546222615749377e-05   0.0000000000000000e+00
   1.7054977118060905e-04  -5.1406333844356624e-06  -9.2390328121602915e-05   0.0000000000000000e+00
   1.6852353083460269e-04  -5.0800527338898041e-06  -9.1249612765071750e-05   0.0000000000000000e+00
   1.6652348176995191e-04  -5.0202514278718969e-06  -9.0123852253251523e-05   0.0000000000000000e+00
   1.6455200210501358e-04  -4.9611955222264785e-06  -8.9012822293237957e-05   0.0000000000000000e+00
   1.6261058229621891e-04  -4.9028580050412481e-06  -8.7916300215039734e-05   0.0000000000000000e+00
   1.6069713166784919e-04  -4.8452398314465024e-06  -8.6834069896051826e-05   0.0000000000000000e+00
   1.5880865657471850e-04  -4.7883490083607626e-06  -8.5765916864569079e-05   0.0000000000000000e+00
   1.5694216337162030e-04  -4.7321935427027094e-06  -8.4711626648886166e-05   0.0000000000000000e+00
   1.5509468982069283e-04  -4.6767812204532981e-06  -8.3670984921930272e-05   0.0000000000000000e+00
   1.5326523617410957e-04  -4.6221060222847769e-06  -8.2643786393986687e-05   0.0000000000000000e+00
   1.5145589029150289e-04  -4.5681402088232412e-06  -8.1629839993917306e-05   0.0000000000000000e+00
   1.4966901105293619e-04  -4.5148541341777359e-06  -8.0628955898645789e-05   0.0000000000000000e+00
   1.4790695733847269e-04  -4.4622181524573055e-06  -7.9640944285095798e-05   0.0000000000000000e+00
   1.4617181769926399e-04  -4.4102046352647398e-06  -7.8665615679567068e-05   0.0000000000000000e+00
   1.4446263475926854e-04  -4.3588086862851046e-06  -7.7702784544950363e-05   0.0000000000000000e+00
   1.4277653096695877e-04  -4.3080397396796554e-06  -7.6752267825793051e-05   0.0000000000000000e+00
   1.4111059872762204e-04  -4.2579074538251704e-06  -7.5813882505470557e-05   0.0000000000000000e+00
   1.3946193051471041e-04  -4.2084214866289546e-06  -7.4887445567634034e-05   0.0000000000000000e+00
   1.3782861388314649e-04  -4.1595846425228497e-06  -7.3972778019431733e-05   0.0000000000000000e+00
   1.3621223946780071e-04  -4.1113755989971610e-06  -7.3069715032311804e-05   0.0000000000000000e+00
   1.3461516836846255e-04  -4.0637677270797883e-06  -7.2178094893008381e-05   0.0000000000000000e+00
   1.3303976168492149e-04  -4.0167343977986277e-06  -7.1297755888255639e-05   0.0000000000000000e+00
   1.3148831018612228e-04  -3.9702494995474541e-06  -7.0428536365097787e-05   0.0000000000000000e+00
   1.2996083125647669e-04  -3.9243036441304794e-06  -6.9570276620051368e-05   0.0000000000000000e+00
   1.2845463098598068e-04  -3.8789073881033070e-06  -6.8722819274621462e-05   0.0000000000000000e+00
   1.2696685669896947e-04  -3.8340724559292443e-06  -6.7886007086457852e-05   0.0000000000000000e+00
   1.2549465571977850e-04  -3.7898105720715954e-06  -6.7059682813210375e-05   0.0000000000000000e+00
   1.2403570725140280e-04  -3.7461296041239542e-06  -6.6243691097783597e-05   0.0000000000000000e+00
   1.2259106969820461e-04  -3.7030129157086294e-06  -6.5437888560730261e-05   0.0000000000000000e+00
   1.2116312421857747e-04  -3.6604342786174105e-06  -6.4642136511131794e-05   0.0000000000000000e+00
   1.1975425504787028e-04  -3.6183674423298255e-06  -6.3856296268975952e-05   0.0000000000000000e+00
   1.1836682498071648e-04  -3.5767863192813520e-06  -6.3080229165206423e-05   0.0000000000000000e+00
   1.1700141268026169e-04  -3.5356783818486462e-06  -6.2313797442435271e-05   0.0000000000000000e+00
   1.1565549940277206e-04  -3.4950546436413845e-06  -6.1556864926009901e-05   0.0000000000000000e+00
   1.1432625698448273e-04  -3.4549284699554527e-06  -6.0809295599387470e-05   0.0000000000000000e+00
   1.1301085726162890e-04  -3.4153132260867379e-06  -6.0070953446025066e-05   0.0000000000000000e+00
   1.1170686486616038e-04  -3.3762194229276352e-06  -5.9341703667630444e-05   0.0000000000000000e+00
   1.1041509368780494e-04  -3.3376339593696880e-06  -5.8621421543440928e-05   0.0000000000000000e+00
   1.0913796140476099e-04  -3.2995320797490566e-06  -5.7909987326822327e-05   0.0000000000000000e+00
   1.0787789701679993e-04  -3.2618889461292674e-06  -5.7207281306254112e-05   0.0000000000000000e+00
   1.0663731165566897e-04  -3.2246798497951173e-06  -5.6513183774530295e-05   0.0000000000000000e+00
   1.0541687792863126e-04  -3.1878926550131508e-06  -5.5827575444237331e-05   0.0000000000000000e+00
   1.0421409870567421e-04  -3.1515381495400729e-06  -5.5150337793341678e-05   0.0000000000000000e+00
   1.0302613995892730e-04  -3.1156295575726060e-06  -5.4481352381158726e-05   0.0000000000000000e+00
   1.0185016766051994e-04  -3.0801801033074705e-06  -5.3820500767003883e-05   0.0000000000000000e+00
   1.0068383257270645e-04  -3.0451996162474174e-06  -5.3167665821984584e-05   0.0000000000000000e+00
   9.9528177471643419e-05  -3.0106741736598442e-06  -5.2522739595647844e-05   0.0000000000000000e+00
   9.8385693834622691e-05  -2.9765797084285162e-06  -5.1885618057576379e-05   0.0000000000000000e+00
   9.7258878570871798e-05  -2.9428921154006145e-06  -5.1256197192051220e-05   0.0000000000000000e+00
   9.6150171264897425e-05  -2.9095877070134526e-06  -5.0634372985548741e-05   0.0000000000000000e+00
   9.5059784991686697e-05  -2.8766590150314491e-06  -5.0020041509814858e-05   0.0000000000000000e+00
   9.3985041661757298e-05  -2.8441196323202018e-06  -4.9413098947319538e-05   0.0000000000000000e+00
   9.2923070079890355e-05  -2.8119845584516659e-06  -4.8813441487928248e-05   0.0000000000000000e+00
   9.1870999064711385e-05  -2.7802687928962711e-06  -4.8220965321538967e-05   0.0000000000000000e+00
   9.0826937041172426e-05  -2.7489801509547210e-06  -4.7635568942673254e-05   0.0000000000000000e+00
   8.9792630364966399e-05  -2.7180997683206442e-06  -4.7057159404454799e-05   0.0000000000000000e+00
   8.8770669703754941e-05  -2.6876025887304321e-06  -4.6485645746337105e-05   0.0000000000000000e+00
   8.7763645725199825e-05  -2.6574635559204788e-06  -4.5920937007773679e-05   0.0000000000000000e+00
   8.6773841339847214e-05  -2.6276599058868829e-06  -4.5362942194107629e-05   0.0000000000000000e+00
   8.5800290739545867e-05  -2.5981930719768364e-06  -4.4811569950608859e-05   0.0000000000000000e+00
   8.4840078484382561e-05  -2.5690790089315416e-06  -4.4266728706458964e-05   0.0000000000000000e+00
   8.3890262624054676e-05  -2.5403338689488790e-06  -4.3728326887901261e-05   0.0000000000000000e+00
   8.2947965888334406e-05  -2.5119733395925684e-06  -4.3196273052904768e-05   0.0000000000000000e+00
   8.2012691393918300e-05  -2.4839960087385926e-06  -4.2670480607272360e-05   0.0000000000000000e+00
   8.1086959074382360e-05  -2.4563787927329554e-06  -4.2150869100777200e-05   0.0000000000000000e+00
   8.0173483073629648e-05  -2.4290972127972302e-06  -4.1637358478716155e-05   0.0000000000000000e+00
   7.9274972427119934e-05  -2.4021268269444214e-06  -4.1129868685292101e-05   0.0000000000000000e+00
   7.8392599997966422e-05  -2.3754542568269515e-06  -4.0628319335723776e-05   0.0000000000000000e+00
   7.7523856282017036e-05  -2.3490926448087522e-06  -4.0132629256620295e-05   0.0000000000000000e+00
   7.6665691454669575e-05  -2.3230590246860199e-06  -3.9642717158876654e-05   0.0000000000000000e+00
   7.5815055691321785e-05  -2.2973704302549526e-06  -3.9158501753387841e-05   0.0000000000000000e+00
   7.4969861689091737e-05  -2.2720369323888175e-06  -3.8679903438926927e-05   0.0000000000000000e+00
   7.4131969932445205e-05  -2.2470400434998599e-06  -3.8206849537106630e-05   0.0000000000000000e+00
   7.3304252894435429e-05  -2.2223539552319799e-06  -3.7739269144162861e-05   0.0000000000000000e+00
   7.2489583048690915e-05  -2.1979528592249200e-06  -3.7277091356332515e-05   0.0000000000000000e+00
   7.1690181993953355e-05  -2.1738158217844850e-06  -3.6820245086560255e-05   0.0000000000000000e+00
   7.0904328909432714e-05  -2.1499514355956601e-06  -3.6368658137569800e-05   0.0000000000000000e+00
   7.0128826348523385e-05  -2.1263793523931776e-06  -3.5922257896253743e-05   0.0000000000000000e+00
   6.9360474271537895e-05  -2.1031192433324145e-06  -3.5480971748774430e-05   0.0000000000000000e+00
   6.8596590982913030e-05  -2.0801869298885807e-06  -3.5044727859704269e-05   0.0000000000000000e+00
   6.7838432115191038e-05  -2.0575689914693040e-06  -3.4613460306397784e-05   0.0000000000000000e+00
   6.7089060551670605e-05  -2.0352385852457756e-06  -3.4187105880202239e-05   0.0000000000000000e+00
   6.6351548652531734e-05  -2.0131687980055165e-06  -3.3765601386696565e-05   0.0000000000000000e+00
   6.5628459065824243e-05  -1.9913364980863050e-06  -3.3348883468402717e-05   0.0000000000000000e+00
   6.4918321443728369e-05  -1.9697484745903449e-06  -3.2936887477686756e-05   0.0000000000000000e+00
   6.4217748278930163e-05  -1.9484257400109484e-06  -3.2529548153615211e-05   0.0000000000000000e+00
   6.3523340408510944e-05  -1.9273893933142665e-06  -3.2126800231525952e-05   0.0000000000000000e+00
   6.2832333531679283e-05  -1.9066558137178033e-06  -3.1728579257283516e-05   0.0000000000000000e+00
   6.2146261022114971e-05  -1.8862094302842280e-06  -3.1334826263581232e-05   0.0000000000000000e+00
   6.1468438314050286e-05  -1.8660214237227200e-06  -3.0945484558264054e-05   0.0000000000000000e+00
   6.0802186582308914e-05  -1.8460629320652406e-06  -3.0560497456505939e-05   0.0000000000000000e+00
   6.0149863160825465e-05  -1.8263125897862935e-06  -3.0179807952442211e-05   0.0000000000000000e+00
   5.9509200214311448e-05  -1.8067850044299158e-06  -2.9803357499644863e-05   0.0000000000000000e+00
   5.8876544219589427e-05  -1.7875055609721436e-06  -2.9431087090137388e-05   0.0000000000000000e+00
   5.8248243296155719e-05  -1.7684996312339072e-06  -2.9062937717900498e-05   0.0000000000000000e+00
   5.7622324788403744e-05  -1.7497791918170839e-06  -2.8698852181962829e-05   0.0000000000000000e+00
   5.7001576056904941e-05  -1.7313182485553074e-06  -2.8338778398033417e-05   0.0000000000000000e+00
   5.6389622079295321e-05  -1.7130841255899126e-06  -2.7982665182200365e-05   0.0000000000000000e+00
   5.5790029316441777e-05  -1.6950446204433829e-06  -2.7630461331651826e-05   0.0000000000000000e+00
   5.5203422868020629e-05  -1.6771913252692955e-06  -2.7282114693565020e-05   0.0000000000000000e+00
   5.4626169192430731e-05  -1.6595502832089178e-06  -2.6937571739646627e-05   0.0000000000000000e+00
   5.4054301411779671e-05  -1.6421502339829467e-06  -2.6596778833941219e-05   0.0000000000000000e+00
   5.3484248525841059e-05  -1.6250167213218860e-06  -2.6259682692307979e-05   0.0000000000000000e+00
   5.2917010361968053e-05  -1.6081383878593417e-06  -2.5926234092678922e-05   0.0000000000000000e+00
   5.2356520897191169e-05  -1.5914801883212754e-06  -2.5596386420550984e-05   0.0000000000000000e+00
   5.1806762226024999e-05  -1.5750066889943013e-06  -2.5270093104258919e-05   0.0000000000000000e+00
   5.1270136637114067e-05  -1.5586954816447687e-06  -2.4947307124293252e-05   0.0000000000000000e+00
   5.0743522438232471e-05  -1.5425697031925492e-06  -2.4627979895203323e-05   0.0000000000000000e+00
   5.0222591278125997e-05  -1.5266624394461834e-06  -2.4312062489474123e-05   0.0000000000000000e+00
   4.9703182395446587e-05  -1.5110053799724893e-06  -2.3999506097763549e-05   0.0000000000000000e+00
   4.9185233009968150e-05  -1.4955960728297163e-06  -2.3690264800344577e-05   0.0000000000000000e+00
   4.8672918294931711e-05  -1.4803967584159981e-06  -2.3384295665804179e-05   0.0000000000000000e+00
   4.8170609017853009e-05  -1.4653680475749613e-06  -2.3081555900648991e-05   0.0000000000000000e+00
   4.7681196251481279e-05  -1.4504829098540723e-06  -2.2782002409609160e-05   0.0000000000000000e+00
   4.7201525781497250e-05  -1.4357648062360563e-06  -2.2485590864508212e-05   0.0000000000000000e+00
   4.6726899771744538e-05  -1.4212500903390371e-06  -2.2192276622355566e-05   0.0000000000000000e+00
   4.6252894347697629e-05  -1.4069728357174726e-06  -2.1902015178923397e-05   0.0000000000000000e+00
   4.5779938324769883e-05  -1.3929267290948206e-06  -2.1614764487889002e-05   0.0000000000000000e+00
   4.5312623346306344e-05  -1.3790708117854405e-06  -2.1330484611417236e-05   0.0000000000000000e+00
   4.4855666756542607e-05  -1.3653630803647085e-06  -2.1049135679417460e-05   0.0000000000000000e+00
   4.4411171666194760e-05  -1.3517836875180048e-06  -2.0770677647165570e-05   0.0000000000000000e+00
   4.3975052173285784e-05  -1.3383652389518415e-06  -2.0495070056505179e-05   0.0000000000000000e+00
   4.3542326802062582e-05  -1.3251479305252371e-06  -2.0222272389454668e-05   0.0000000000000000e+00
   4.3109013705654596e-05  -1.3121634032484375e-06  -1.9952244400131695e-05   0.0000000000000000e+00
   4.2677517902994936e-05  -1.2993886391757206e-06  -1.9684947581160673e-05   0.0000000000000000e+00
   4.2252757432343281e-05  -1.2867791138796325e-06  -1.9420344109210643e-05   0.0000000000000000e+00
   4.1839380705441331e-05  -1.2742926075899525e-06  -1.9158396202749704e-05   0.0000000000000000e+00
   4.1436965916464794e-05  -1.2619302398402493e-06  -1.8899066818879555e-05   0.0000000000000000e+00
   4.1040639876295409e-05  -1.2497311797843226e-06  -1.8642319563183202e-05   0.0000000000000000e+00
   4.0645413262504344e-05  -1.2377355914275156e-06  -1.8388118062744769e-05   0.0000000000000000e+00
   4.0249570479404419e-05  -1.2259558574861942e-06  -1.8136425895174569e-05   0.0000000000000000e+00
   3.9857288095187166e-05  -1.2143543589751969e-06  -1.7887206549038313e-05   0.0000000000000000e+00
   3.9473358857478807e-05  -1.2028882479272999e-06  -1.7640423503591839e-05   0.0000000000000000e+00
   3.9100929567524471e-05  -1.1915286990993203e-06  -1.7396040967254611e-05   0.0000000000000000e+00
   3.8736843601227356e-05  -1.1803005896013822e-06  -1.7154025940899499e-05   0.0000000000000000e+00
   3.8376435608044468e-05  -1.1692416502154251e-06  -1.6914346093773792e-05   0.0000000000000000e+00
   3.8015643906292002e-05  -1.1583845428130449e-06  -1.6676968884337615e-05   0.0000000000000000e+00
   3.7655811601486163e-05  -1.1477165461367784e-06  -1.6441859883824810e-05   0.0000000000000000e+00
   3.7301129857609265e-05  -1.1372010242401739e-06  -1.6208983668993266e-05   0.0000000000000000e+00
   3.6955702060257424e-05  -1.1268020534807904e-06  -1.5978304898690746e-05   0.0000000000000000e+00
   3.6620075936209372e-05  -1.1165127897894035e-06  -1.5749791087180105e-05   0.0000000000000000e+00
   3.6290619503935333e-05  -1.1063605723916501e-06  -1.5523413105289841e-05   0.0000000000000000e+00
   3.5963462246284159e-05  -1.0963746914697001e-06  -1.5299142015485543e-05   0.0000000000000000e+00
   3.5636234873995093e-05  -1.0865724421733217e-06  -1.5076947860928868e-05   0.0000000000000000e+00
   3.5311286465080682e-05  -1.0769334192014079e-06  -1.4856797481103694e-05   0.0000000000000000e+00
   3.4991890698724965e-05  -1.0674298295530357e-06  -1.4638657087708042e-05   0.0000000000000000e+00
   3.4681048089555310e-05  -1.0580360414009963e-06  -1.4422493209343446e-05   0.0000000000000000e+00
   3.4378321210269126e-05  -1.0487536226024900e-06  -1.4208276363034620e-05   0.0000000000000000e+00
   3.4080923294363272e-05  -1.0396027280898129e-06  -1.3995979791320294e-05   0.0000000000000000e+00
   3.3786023050454393e-05  -1.0306038655327018e-06  -1.3785576788654154e-05   0.0000000000000000e+00
   3.3491925294909264e-05  -1.0217691050398944e-06  -1.3577039634810280e-05   0.0000000000000000e+00
   3.3200262198705199e-05  -1.0130858053690312e-06  -1.3370337637838585e-05   0.0000000000000000e+00
   3.2913271891302842e-05  -1.0045368249901119e-06  -1.3165439564595838e-05   0.0000000000000000e+00
   3.2633136352234541e-05  -9.9610538128898733e-07  -1.2962314260801439e-05   0.0000000000000000e+00
   3.2360247210674649e-05  -9.8778613574664460e-07  -1.2760933086723315e-05   0.0000000000000000e+00
   3.2092874928590505e-05  -9.7958730855296389e-07  -1.2561270381810464e-05   0.0000000000000000e+00
   3.1829167057805404e-05  -9.7151790555152367e-07  -1.2363300658139280e-05   0.0000000000000000e+00
   3.1567394600061527e-05  -9.6358634271601387e-07  -1.2166998324982227e-05   0.0000000000000000e+00
   3.1307592598826811e-05  -9.5579260705469121e-07  -1.1972336322591608e-05   0.0000000000000000e+00
   3.1051112758830747e-05  -9.4813039428910686e-07  -1.1779286494759304e-05   0.0000000000000000e+00
   3.0799338351861429e-05  -9.4059324930671213e-07  -1.1587820658989472e-05   0.0000000000000000e+00
   3.0553555586715344e-05  -9.3317498935956530e-07  -1.1397910770100977e-05   0.0000000000000000e+00
   3.0313677600790774e-05  -9.2587328462086199e-07  -1.1209530725392547e-05   0.0000000000000000e+00
   3.0078599672401453e-05  -9.1868866143776435e-07  -1.1022655862125003e-05   0.0000000000000000e+00
   2.9847193060957484e-05  -9.1162171355592612e-07  -1.0837261551538643e-05   0.0000000000000000e+00
   2.9618354254324053e-05  -9.0467303903873431e-07  -1.0653323156304451e-05   0.0000000000000000e+00
   2.9391819426664350e-05  -8.9784337965798644e-07  -1.0470815753878506e-05   0.0000000000000000e+00
   2.9168340291364307e-05  -8.9113365099030298e-07  -1.0289714076770281e-05   0.0000000000000000e+00
   2.8948729359953917e-05  -8.8454477901762409e-07  -1.0109992836838058e-05   0.0000000000000000e+00
   2.8733799126245639e-05  -8.7807768964616212e-07  -9.9316267459598457e-06   0.0000000000000000e+00
   2.8524081318513209e-05  -8.7173210874413269e-07  -9.7545908288989145e-06   0.0000000000000000e+00
   2.8319115718876045e-05  -8.6550352243906957e-07  -9.5788612158437722e-06   0.0000000000000000e+00
   2.8118223153265419e-05  -8.5938648100381870e-07  -9.4044142809878092e-06   0.0000000000000000e+00
   2.7920724447612593e-05  -8.5337553471122660e-07  -9.2312263985244143e-06   0.0000000000000000e+00
   2.7725958850244798e-05  -8.4746540830217659e-07  -9.0592739539900533e-06   0.0000000000000000e+00
   2.7533790433337414e-05  -8.4165579682579781e-07  -8.8885336560667282e-06   0.0000000000000000e+00
   2.7344671289190167e-05  -8.3595196413546232e-07  -8.7189825754933237e-06   0.0000000000000000e+00
   2.7159084622996065e-05  -8.3035946873706410e-07  -8.5505978021656062e-06   0.0000000000000000e+00
   2.6977513639948123e-05  -8.2488386913649647e-07  -8.3833564259793521e-06   0.0000000000000000e+00
   2.6800393433292704e-05  -8.1953003033973796e-07  -8.2172355635911903e-06   0.0000000000000000e+00
   2.6627628849895291e-05  -8.1429517422364544e-07  -8.0522126265917961e-06   0.0000000000000000e+00
   2.6458795951599654e-05  -8.0917178345993587e-07  -7.8882652094488824e-06   0.0000000000000000e+00
   2.6293465888581715e-05  -8.0415226992208391e-07  -7.7253709093621362e-06   0.0000000000000000e+00
   2.6131209811017417e-05  -7.9922904548356499e-07  -7.5635073235312524e-06   0.0000000000000000e+00
   2.5971648282927526e-05  -7.9439543446722467e-07  -7.4026521367261345e-06   0.0000000000000000e+00
   2.5814850919663626e-05  -7.8965305313525135e-07  -7.2427838295163954e-06   0.0000000000000000e+00
   2.5661126844535571e-05  -7.8500794037443346e-07  -7.0838813069228202e-06   0.0000000000000000e+00
   2.5510787421636858e-05  -7.8046617644866001e-07  -6.9259234779372644e-06   0.0000000000000000e+00
   2.5364144015061015e-05  -7.7603384162182023e-07  -6.7688892515515825e-06   0.0000000000000000e+00
   2.5221479240392045e-05  -7.7171641352582078e-07  -6.6127575347225444e-06   0.0000000000000000e+00
   2.5082728142447987e-05  -7.6751208394494377e-07  -6.4575072098026220e-06   0.0000000000000000e+00
   2.4947595010857808e-05  -7.6341420752723708e-07  -6.3031171428092887e-06   0.0000000000000000e+00
   2.4815779985694585e-05  -7.5941605193693149e-07  -6.1495661994662724e-06   0.0000000000000000e+00
   2.4686983207031393e-05  -7.5551088483825737e-07  -5.9968332454973033e-06   0.0000000000000000e+00
   2.4560914792676528e-05  -7.5169219813401629e-07  -5.8448971724372884e-06   0.0000000000000000e+00
   2.4437534000190505e-05  -7.4795908286757105e-07  -5.6937375163152160e-06   0.0000000000000000e+00
   2.4317060659804688e-05  -7.4431648616505506e-07  -5.5433344872297198e-06   0.0000000000000000e+00
   2.4199726867512465e-05  -7.4076963081204701e-07  -5.3936683270094483e-06   0.0000000000000000e+00
   2.4085764719307274e-05  -7.3732373959412569e-07  -5.2447192774830624e-06   0.0000000000000000e+00
   2.3975404664684198e-05  -7.3398399794732764e-07  -5.0964675795914895e-06   0.0000000000000000e+00
   2.3868719390040769e-05  -7.3075201257371505e-07  -4.9488933892162659e-06   0.0000000000000000e+00
   2.3765495280917296e-05  -7.2762289566161115e-07  -4.8019767078772375e-06   0.0000000000000000e+00
   2.3665488470337829e-05  -7.2459107314438294e-07  -4.6556975207833255e-06   0.0000000000000000e+00
   2.3568455091326435e-05  -7.2165097095539687e-07  -4.5100358131434647e-06   0.0000000000000000e+00
   2.3474151353673280e-05  -7.1879701667882298e-07  -4.3649715703244023e-06   0.0000000000000000e+00
   2.3382434668867977e-05  -7.1602581417255146e-07  -4.2204849857539692e-06   0.0000000000000000e+00
   2.3293462943975274e-05  -7.1334042924745255e-07  -4.0765568706503490e-06   0.0000000000000000e+00
   2.3207449602313167e-05  -7.1074512155366692e-07  -3.9331681503678670e-06   0.0000000000000000e+00
   2.3124608067199648e-05  -7.0824415074133553e-07  -3.7902997502608494e-06   0.0000000000000000e+00
   2.3045151758171558e-05  -7.0584177637949872e-07  -3.6479325956775760e-06   0.0000000000000000e+00
   2.2969210570497331e-05  -7.0354046656030071e-07  -3.5060474784780371e-06   0.0000000000000000e+00
   2.2896615312349218e-05  -7.0133627438258142e-07  -3.3646247125219063e-06   0.0000000000000000e+00
   2.2827129872548629e-05  -6.9922381762017615e-07  -3.2236445047185067e-06   0.0000000000000000e+00
   2.2760518139916977e-05  -6.9719771404692069e-07  -3.0830870619771590e-06   0.0000000000000000e+00
   2.2696544421252465e-05  -6.9525258656134440e-07  -2.9429325923831815e-06   0.0000000000000000e+00
   2.2635107095332276e-05  -6.9338470188019692e-07  -2.8031616812391741e-06   0.0000000000000000e+00
   2.2576429864346120e-05  -6.9159431541762102e-07  -2.6637558291591587e-06   0.0000000000000000e+00
   2.2520784816899526e-05  -6.8988227583977687e-07  -2.5246966728944185e-06   0.0000000000000000e+00
   2.2468444041598032e-05  -6.8824943181282381e-07  -2.3859658491962378e-06   0.0000000000000000e+00
   2.2419658506445129e-05  -6.8669685580326977e-07  -2.2475451897498008e-06   0.0000000000000000e+00
   2.2374350327480288e-05  -6.8522910489343969e-07  -2.1094195613997710e-06   0.0000000000000000e+00
   2.2332181745793554e-05  -6.8385348987996864e-07  -1.9715762295226828e-06   0.0000000000000000e+00
   2.2292807917370221e-05  -6.8257739663542516e-07  -1.8340025248874832e-06   0.0000000000000000e+00
   2.2255890107066565e-05  -6.8140829538654388e-07  -1.6966859055792350e-06   0.0000000000000000e+00
   2.2221345493588250e-05  -6.8035719013897916e-07  -1.5596191632311703e-06   0.0000000000000000e+00
   2.2189434771003159e-05  -6.7943982832023696e-07  -1.4228022487441244e-06   0.0000000000000000e+00
   2.2160442739925008e-05  -6.7867229023235778e-07  -1.2862356154279411e-06   0.0000000000000000e+00
   2.2134584607805418e-05  -6.7807140468701322e-07  -1.1499198358201274e-06   0.0000000000000000e+00
   2.2111221786925125e-05  -6.7766318349445564e-07  -1.0138569451881456e-06   0.0000000000000000e+00
   2.2089142819800059e-05  -6.7747979996879146e-07  -8.7804996024535439e-07   0.0000000000000000e+00
   2.2067165382116497e-05  -6.7755122748003653e-07  -7.4250138461830062e-07   0.0000000000000000e+00
   2.2045182219102308e-05  -6.7784481538551289e-07  -6.0719934421536420e-07   0.0000000000000000e+00
   2.2024259328509243e-05  -6.7825956976044967e-07  -4.7211627415147099e-07   0.0000000000000000e+00
   2.2004683450248386e-05  -6.7869958728499614e-07  -3.3721215064024510e-07   0.0000000000000000e+00
   2.1982276293012748e-05  -6.7911448804430768e-07  -2.0238484649404834e-07   0.0000000000000000e+00
   2.1957604758919195e-05  -6.7931209151688939e-07  -6.7505706369143352e-08   0.0000000000000000e+00
