  -1.3331902708941233e-04   6.2976253621579916e-04  -5.2555356653353996e-06   0.0000000000000000e+00
  -3.6294239660014579e-04   1.8554288221422897e-03  -4.4372019336629399e-05   0.0000000000000000e+00
  -6.1863074985695887e-04   2.9758914708314316e-03  -1.1579137852996733e-04   0.0000000000000000e+00
  -9.4708527985708723e-04   3.9146691344629616e-03  -2.1357981116786932e-04   0.0000000000000000e+00
  -1.3711296366446949e-03   4.6008964420128137e-03  -3.3219495552092542e-04   0.0000000000000000e+00
  -1.8793408790794427e-03   4.9844596732474449e-03  -4.6635093409248227e-04   0.0000000000000000e+00
  -2.4534083956170220e-03   5.0210352706110475e-03  -6.1081546961362870e-04   0.0000000000000000e+00
  -3.0660269929516314e-03   4.7036768655988005e-03  -7.6046348530714144e-04   0.0000000000000000e+00
  -3.6816496025680544e-03   4.0596873895627963e-03  -9.1026813387420024e-04   0.0000000000000000e+00
  -4.2645704264764961e-03   3.1178869968069307e-03  -1.0552203223496235e-03   0.0000000000000000e+00
  -4.7869714405264305e-03   1.9207180972963460e-03  -1.1910751655612817e-03   0.0000000000000000e+00
  -5.2327904220198264e-03   5.3092547479034464e-04  -1.3147267403897935e-03   0.0000000000000000e+00
  -5.5869233680095444e-03  -9.8709123290901309e-04  -1.4231619609365188e-03   0.0000000000000000e+00
  -5.8352065977499900e-03  -2.5700203309720355e-03  -1.5134730462558115e-03   0.0000000000000000e+00
  -5.9768759081253045e-03  -4.1700531803267509e-03  -1.5842527982443922e-03   0.0000000000000000e+00
  -6.0211495080975015e-03  -5.7509306884817365e-03  -1.6352119307581955e-03   0.0000000000000000e+00
  -5.9774838948939866e-03  -7.2766694599814474e-03  -1.6660878431175037e-03   0.0000000000000000e+00
  -5.8553952931202895e-03  -8.7115387326839183e-03  -1.6766334165482129e-03   0.0000000000000000e+00
  -5.6665906711950475e-03  -1.0029074095761280e-02  -1.6671693939505016e-03   0.0000000000000000e+00
  -5.4255492170492527e-03  -1.1214537000518644e-02  -1.6387351039415675e-03   0.0000000000000000e+00
  -5.1469281651257189e-03  -1.2253941994775135e-02  -1.5924160264912670e-03   0.0000000000000000e+00
  -4.8453847498672580e-03  -1.3133303626349895e-02  -1.5292976415694568e-03   0.0000000000000000e+00
  -4.5349953734698245e-03  -1.3838810250089997e-02  -1.4504882936963396e-03   0.0000000000000000e+00
  -4.2259312443802917e-03  -1.4357818802860434e-02  -1.3572500559420912e-03   0.0000000000000000e+00
  -3.9267541662683283e-03  -1.4678167816449018e-02  -1.2509083558424072e-03   0.0000000000000000e+00
  -3.6460209253953960e-03  -1.4787697324042294e-02  -1.1327888184440261e-03   0.0000000000000000e+00
  -3.3922883080229598e-03  -1.4674247358826820e-02  -1.0042170687936847e-03   0.0000000000000000e+00
  -3.1725911299242127e-03  -1.4329976952166652e-02  -8.6655511624735579e-04   0.0000000000000000e+00
  -2.9871619631542520e-03  -1.3766348320637254e-02  -7.2132758496913901e-04   0.0000000000000000e+00
  -2.8343337577611751e-03  -1.3000214366145638e-02  -5.7010451159010794e-04   0.0000000000000000e+00
  -2.7124393777966087e-03  -1.2048428234636806e-02  -4.1445593479717027e-04   0.0000000000000000e+00
  -2.6198116873121821e-03  -1.0927843072055741e-02  -2.5595189327723569e-04   0.0000000000000000e+00
  -2.5540454934734765e-03  -9.6591197025616467e-03  -9.6149984293593629e-05   0.0000000000000000e+00
  -2.5087406863643588e-03  -8.2835289588743099e-03   6.3459537200628020e-05   0.0000000000000000e+00
  -2.4761517372631665e-03  -6.8492827672412184e-03   2.2140909597471870e-04   0.0000000000000000e+00
  -2.4485320968865494e-03  -5.4045983190467006e-03   3.7623113400157555e-04   0.0000000000000000e+00
  -2.4181352159511555e-03  -3.9976928056750880e-03   5.2645809325409547e-04   0.0000000000000000e+00
  -2.3775568059668296e-03  -2.6748977650790798e-03   6.7068690202108899e-04   0.0000000000000000e+00
  -2.3226316332615672e-03  -1.4646994693950520e-03   8.0812476799355863e-04   0.0000000000000000e+00
  -2.2509793114957699e-03  -3.8575074338766693e-04   9.3831518695399645e-04   0.0000000000000000e+00
  -2.1602380819313993e-03   5.4339821518536492e-04   1.0608051643635453e-03   0.0000000000000000e+00
  -2.0480461858304170e-03   1.3041972085663343e-03   1.1751417056833486e-03   0.0000000000000000e+00
  -1.9121885650277230e-03   1.8790353723986822e-03   1.2808925030447910e-03   0.0000000000000000e+00
  -1.7535666542367750e-03   2.2702569508616191e-03   1.3780647142145901e-03   0.0000000000000000e+00
  -1.5760616414237964e-03   2.4992857438676415e-03   1.4670856805463950e-03   0.0000000000000000e+00
  -1.3836740499430496e-03   2.5883096636546326e-03   1.5483995712205734e-03   0.0000000000000000e+00
  -1.1804044031487983e-03   2.5595166224604746e-03   1.6224505554174903e-03   0.0000000000000000e+00
  -9.7024658659989064e-04   2.4350745644193478e-03   1.6896830114134396e-03   0.0000000000000000e+00
  -7.5682536063551844e-04   2.2360410151898639e-03   1.7505529452278815e-03   0.0000000000000000e+00
  -5.4320949751128175e-04   1.9818009529932318e-03   1.8055338769548898e-03   0.0000000000000000e+00
  -3.3242178221839103e-04   1.6916010151698442e-03   1.8551007753245868e-03   0.0000000000000000e+00
  -1.2748499974805659e-04   1.3846878390600941e-03   1.8997286090670943e-03   0.0000000000000000e+00
   6.8586383327002556e-05   1.0802585651031242e-03   1.9398915681562358e-03   0.0000000000000000e+00
   2.5366702125743446e-04   7.9221981780191737e-04   1.9759806045751317e-03   0.0000000000000000e+00
   4.2729857298089174e-04   5.2455908060407611e-04   2.0082306081419007e-03   0.0000000000000000e+00
   5.8920613550838218e-04   2.8017232945352292e-04   2.0368592955118670e-03   0.0000000000000000e+00
   7.3911480585091315e-04   6.1955540294180339e-05   2.0620843833403556e-03   0.0000000000000000e+00
   8.7675460411172287e-04  -1.2722516068111963e-04   2.0841230484125836e-03   0.0000000000000000e+00
   1.0021851001601218e-03  -2.8650177732254768e-04   2.1031563288311647e-03   0.0000000000000000e+00
   1.1159973435839329e-03  -4.1822878760143484e-04   2.1193069802211209e-03   0.0000000000000000e+00
   1.2188306078245873e-03  -5.2505306092920649e-04   2.1326924699423318e-03   0.0000000000000000e+00
   1.3113241663235162e-03  -6.0962146671728794e-04   2.1434302653546809e-03   0.0000000000000000e+00
   1.3941154080571820e-03  -6.7456743850372578e-04   2.1516377578639193e-03   0.0000000000000000e+00
   1.4678061064353444e-03  -7.2227047767494084e-04   2.1574309033758530e-03   0.0000000000000000e+00
   1.5329662470122199e-03  -7.5488344431127151e-04   2.1609243765737967e-03   0.0000000000000000e+00
   1.5901646995229478e-03  -7.7455124291729983e-04   2.1622328071675273e-03   0.0000000000000000e+00
   1.6399703337026681e-03  -7.8341877799760766e-04   2.1614708248668167e-03   0.0000000000000000e+00
   1.6829352980335644e-03  -7.8348523486864070e-04   2.1587529331926914e-03   0.0000000000000000e+00
   1.7195359880231972e-03  -7.7608964126233305e-04   2.1541930639881347e-03   0.0000000000000000e+00
   1.7502273576677743e-03  -7.6238417051429784e-04   2.1479049872854396e-03   0.0000000000000000e+00
   1.7754643596104500e-03  -7.4352098416881449e-04   2.1400024731066882e-03   0.0000000000000000e+00
   1.7956980066477556e-03  -7.2063545198017276e-04   2.1305988884576335e-03   0.0000000000000000e+00
   1.8113135025151117e-03  -6.9458246275011320e-04   2.1198008685778310e-03   0.0000000000000000e+00
   1.8226416375233668e-03  -6.6598499300419829e-04   2.1077094826275453e-03   0.0000000000000000e+00
   1.8300115671268263e-03  -6.3545905144148573e-04   2.0944256325336587e-03   0.0000000000000000e+00
   1.8337519262031871e-03  -6.0361788677930567e-04   2.0800500661865484e-03   0.0000000000000000e+00
   1.8341692889383189e-03  -5.7095778683959833e-04   2.0646770038074119e-03   0.0000000000000000e+00
   1.8315404700892722e-03  -5.3781726155283462e-04   2.0483918599232469e-03   0.0000000000000000e+00
   1.8261401807066245e-03  -5.0452366746432935e-04   2.0312794265828389e-03   0.0000000000000000e+00
   1.8182422151917794e-03  -4.7140265327343854e-04   2.0134243449235509e-03   0.0000000000000000e+00
   1.8080821345309017e-03  -4.3870863346533119e-04   1.9949049615707510e-03   0.0000000000000000e+00
   1.7958442751911659e-03  -4.0660058406290635e-04   1.9757911898631870e-03   0.0000000000000000e+00
   1.7817093888817322e-03  -3.7523080218218282e-04   1.9561523529673156e-03   0.0000000000000000e+00
   1.7658578740132819e-03  -3.4474872231402329e-04   1.9360573615866605e-03   0.0000000000000000e+00
   1.7484640318174913e-03  -3.1525437613835191e-04   1.9155680081933189e-03   0.0000000000000000e+00
   1.7296970172619513e-03  -2.8680609737749796e-04   1.8947400771860358e-03   0.0000000000000000e+00
   1.7097258239143589e-03  -2.5946091200007739e-04   1.8736291645351335e-03   0.0000000000000000e+00
   1.6887112123469862e-03  -2.3326943419137638e-04   1.8522894091572031e-03   0.0000000000000000e+00
   1.6667687352572385e-03  -2.0824707064736773e-04   1.8307669491988260e-03   0.0000000000000000e+00
   1.6439985093511678e-03  -1.8439720665177579e-04   1.8091051909857006e-03   0.0000000000000000e+00
   1.6205007415233043e-03  -1.6172306529747395e-04   1.7873474608888077e-03   0.0000000000000000e+00
   1.5963809804348302e-03  -1.4022002901769754e-04   1.7655330783082125e-03   0.0000000000000000e+00
   1.5717525917039476e-03  -1.1987200649488374e-04   1.7436954989809865e-03   0.0000000000000000e+00
   1.5467295620517261e-03  -1.0066199475498634e-04   1.7218677127419472e-03   0.0000000000000000e+00
   1.5214179408753067e-03  -8.2570966987926164e-05   1.7000815836191127e-03   0.0000000000000000e+00
   1.4958832723133135e-03  -6.5569568469277275e-05   1.6783632304931671e-03   0.0000000000000000e+00
   1.4701782130752544e-03  -4.9625158474993721e-05   1.6567369443295642e-03   0.0000000000000000e+00
   1.4443561100331665e-03  -3.4705091587566680e-05   1.6352268020628712e-03   0.0000000000000000e+00
   1.4184824660076283e-03  -2.0776664468062789e-05   1.6138531535880365e-03   0.0000000000000000e+00
   1.3926331248292668e-03  -7.8071245040567225e-06   1.5926331782243810e-03   0.0000000000000000e+00
   1.3668840983818969e-03   4.2363023649346933e-06   1.5715839381112680e-03   0.0000000000000000e+00
   1.3412933927368096e-03   1.5388605643529715e-05   1.5507206985068431e-03   0.0000000000000000e+00
   1.3158848441663924e-03   2.5688979105411214e-05   1.5300553147109509e-03   0.0000000000000000e+00
   1.2906784724664993e-03   3.5177086105434461e-05   1.5095992611600347e-03   0.0000000000000000e+00
   1.2656985956399900e-03   4.3891645066111072e-05   1.4893632696007528e-03   0.0000000000000000e+00
   1.2409874895024399e-03   5.1867426503758868e-05   1.4693549688384608e-03   0.0000000000000000e+00
   1.2165921190019607e-03   5.9138170059963306e-05   1.4495811774404715e-03   0.0000000000000000e+00
   1.1925564429592322e-03   6.5737845589800258e-05   1.4300485073834241e-03   0.0000000000000000e+00
   1.1688956744483462e-03   7.1702624357067280e-05   1.4107615951761585e-03   0.0000000000000000e+00
   1.1456090552090512e-03   7.7069900743375615e-05   1.3917239797440323e-03   0.0000000000000000e+00
   1.1226960614621200e-03   8.1876954970818203e-05   1.3729391457145189e-03   0.0000000000000000e+00
   1.1001681112608329e-03   8.6157321084310624e-05   1.3544093258616478e-03   0.0000000000000000e+00
   1.0780502246524929e-03   8.9940266155543361e-05   1.3361353270725026e-03   0.0000000000000000e+00
   1.0563681379653184e-03   9.3254826309738785e-05   1.3181178776798140e-03   0.0000000000000000e+00
   1.0351379063869180e-03   9.6130470735450229e-05   1.3003572758306166e-03   0.0000000000000000e+00
   1.0143509803813109e-03   9.8597769256371742e-05   1.2828527263503485e-03   0.0000000000000000e+00
   9.9399495944819320e-04   1.0068746396013868e-04   1.2656032629451716e-03   0.0000000000000000e+00
   9.7405968013141689e-04   1.0242948412749225e-04   1.2486077815605510e-03   0.0000000000000000e+00
   9.5455043844344363e-04   1.0384814200089238e-04   1.2318642261235540e-03   0.0000000000000000e+00
   9.3547906046268219e-04   1.0496537719076806e-04   1.2153701384295136e-03   0.0000000000000000e+00
   9.1685697880201672e-04   1.0580313030814943e-04   1.1991230494856468e-03   0.0000000000000000e+00
   8.9868277649900262e-04   1.0638363233995038e-04   1.1831202015549619e-03   0.0000000000000000e+00
   8.8094005758991459e-04   1.0672945276993161e-04   1.1673585003056982e-03   0.0000000000000000e+00
   8.6361158046178001e-04   1.0686318019147665e-04   1.1518348324033544e-03   0.0000000000000000e+00
   8.4668368186435880e-04   1.0680604929125485e-04   1.1365459779418593e-03   0.0000000000000000e+00
   8.3015671249139008e-04   1.0657399245031012e-04   1.1214882996488473e-03   0.0000000000000000e+00
   8.1403445320615397e-04   1.0618164421324016e-04   1.1066580580939053e-03   0.0000000000000000e+00
   7.9832019574162824e-04   1.0564364655240891e-04   1.0920515131635721e-03   0.0000000000000000e+00
   7.8300663381373787e-04   1.0497480237805908e-04   1.0776649099447473e-03   0.0000000000000000e+00
   7.6807621315570817e-04   1.0419007022280957e-04   1.0634944792134971e-03   0.0000000000000000e+00
   7.5351096040208901e-04   1.0330441498356905e-04   1.0495364511606364e-03   0.0000000000000000e+00
   7.3929549062473100e-04   1.0233185952199177e-04   1.0357870402373901e-03   0.0000000000000000e+00
   7.2542626853800893e-04   1.0128211414365573e-04   1.0222423888405013e-03   0.0000000000000000e+00
   7.1190314774109936e-04   1.0016365580421167e-04   1.0088986187598182e-03   0.0000000000000000e+00
   6.9872588310406446e-04   9.8984964030911820e-05   9.9575185351132283e-04   0.0000000000000000e+00
   6.8588820839455568e-04   9.7754680721297025e-05   9.8279832169427994e-04   0.0000000000000000e+00
   6.7337447768798608e-04   9.6481700713853193e-05   9.7003441560701727e-04   0.0000000000000000e+00
   6.6116823268813315e-04   9.5174940754186866e-05   9.5745654172577825e-04   0.0000000000000000e+00
   6.4925367245460700e-04   9.3843101146762382e-05   9.4506111296240351e-04   0.0000000000000000e+00
   6.3762339430053355e-04   9.2492116985034447e-05   9.3284462444870081e-04   0.0000000000000000e+00
   6.2627579605036390e-04   9.1126013484678158e-05   9.2080362810421966e-04   0.0000000000000000e+00
   6.1520939092654377e-04   8.9748777865396656e-05   9.0893467697827066e-04   0.0000000000000000e+00
   6.0442125577886538e-04   8.8364480014030297e-05   8.9723436907774320e-04   0.0000000000000000e+00
   5.9390030482845281e-04   8.6977659598811040e-05   8.8569955789477356e-04   0.0000000000000000e+00
   5.8363257270762638e-04   8.5593022016106960e-05   8.7432718705085369e-04   0.0000000000000000e+00
   5.7360409125235042e-04   8.4215272717962057e-05   8.6311420027791340e-04   0.0000000000000000e+00
   5.6380337885931608e-04   8.2848408964754060e-05   8.5205758649172761e-04   0.0000000000000000e+00
   5.5422725360383240e-04   8.1494064204399504e-05   8.4115448542336924e-04   0.0000000000000000e+00
   5.4487426313459982e-04   8.0153379288978104e-05   8.3040206823237141e-04   0.0000000000000000e+00
   5.3574294668113059e-04   7.8827495907732341e-05   8.1979750639846357e-04   0.0000000000000000e+00
   5.2682922989152642e-04   7.7517815631660962e-05   8.0933807080023974e-04   0.0000000000000000e+00
   5.1812273541700516e-04   7.6226366770953477e-05   7.9902127202979042e-04   0.0000000000000000e+00
   5.0961215481592635e-04   7.4955270219120656e-05   7.8884465609022189e-04   0.0000000000000000e+00
   5.0128619846322251e-04   7.3706642344917655e-05   7.7880576936799339e-04   0.0000000000000000e+00
   4.9313667175743823e-04   7.2481855267592343e-05   7.6890222130491712e-04   0.0000000000000000e+00
   4.8516189088428991e-04   7.1280715480163514e-05   7.5913175398799142e-04   0.0000000000000000e+00
   4.7736099489847483e-04   7.0102831603223242e-05   7.4949212626864098e-04   0.0000000000000000e+00
   4.6973311067902851e-04   6.8947813974295575e-05   7.3998109745931700e-04   0.0000000000000000e+00
   4.6227504319411035e-04   6.7815600351566204e-05   7.3059651479072537e-04   0.0000000000000000e+00
   4.5497853883054169e-04   6.6706841821223998e-05   7.2133641703479206e-04   0.0000000000000000e+00
   4.4783467801948938e-04   6.5622283378161746e-05   7.1219886817959575e-04   0.0000000000000000e+00
   4.4083454492291536e-04   6.4562669261149602e-05   7.0318193228199096e-04   0.0000000000000000e+00
   4.3397134819723446e-04   6.3528313136307959e-05   6.9428371256293473e-04   0.0000000000000000e+00
   4.2724396865245453e-04   6.2518379090759909e-05   6.8550241680699620e-04   0.0000000000000000e+00
   4.2065222354441262e-04   6.1531841421553273e-05   6.7683627006170336e-04   0.0000000000000000e+00
   4.1419593012828566e-04   6.0567674425849631e-05   6.6828349737460590e-04   0.0000000000000000e+00
   4.0787374377762792e-04   5.9625052519717754e-05   6.5984236239805471e-04   0.0000000000000000e+00
   4.0167978734297408e-04   5.8703930787012119e-05   6.5151127938248526e-04   0.0000000000000000e+00
   3.9560707858700314e-04   5.7804454648511151e-05   6.4328869929609889e-04   0.0000000000000000e+00
   3.8964863527239424e-04   5.6926769524993291e-05   6.3517307310709606e-04   0.0000000000000000e+00
   3.8379816420427710e-04   5.6070900183397302e-05   6.2716286181795393e-04   0.0000000000000000e+00
   3.7805406811843478e-04   5.5236049116121920e-05   6.1925659481628888e-04   0.0000000000000000e+00
   3.7241670875101370e-04   5.4421075787475843e-05   6.1145283001793206e-04   0.0000000000000000e+00
   3.6688645435269145e-04   5.3624838521049762e-05   6.0375012543358259e-04   0.0000000000000000e+00
   3.6146347128377927e-04   5.2846233926093206e-05   5.9614704456101601e-04   0.0000000000000000e+00
   3.5614478978781574e-04   5.2084753332145340e-05   5.8864223613294068e-04   0.0000000000000000e+00
   3.5092496558911617e-04   5.1340357326395869e-05   5.8123441613577213e-04   0.0000000000000000e+00
   3.4579848717415087e-04   5.0613019246743079e-05   5.7392230238334941e-04   0.0000000000000000e+00
   3.4075987296601447e-04   4.9902707700024699e-05   5.6670461300740635e-04   0.0000000000000000e+00
   3.3580584299237014e-04   4.9209043360585660e-05   5.5958008951834939e-04   0.0000000000000000e+00
   3.3093678586797794e-04   4.8531067134418176e-05   5.5254751238303565e-04   0.0000000000000000e+00
   3.2615343773962155e-04   4.7867765004988862e-05   5.4560566575873764e-04   0.0000000000000000e+00
   3.2145653475408435e-04   4.7218122955764305e-05   5.3875333380272873e-04   0.0000000000000000e+00
   3.1684601308370455e-04   4.6581282315278035e-05   5.3198931823803788e-04   0.0000000000000000e+00
   3.1231836200946344e-04   4.5957053755404818e-05   5.2531249647417894e-04   0.0000000000000000e+00
   3.0786914264827845e-04   4.5345428185912529e-05   5.1872176630119566e-04   0.0000000000000000e+00
   3.0349391610394992e-04   4.4746396519116208e-05   5.1221602550942055e-04   0.0000000000000000e+00
   2.9918843709991180e-04   4.4159920747640412e-05   5.0579417339292204e-04   0.0000000000000000e+00
   2.9495135921809711e-04   4.3585529880692089e-05   4.9945513175959542e-04   0.0000000000000000e+00
   2.9078356847519392e-04   4.3022419483389880e-05   4.9319783975541886e-04   0.0000000000000000e+00
   2.8668600836516487e-04   4.2469776535850070e-05   4.8702123697276500e-04   0.0000000000000000e+00
   2.8265961768164042e-04   4.1926788912501574e-05   4.8092426309100404e-04   0.0000000000000000e+00
   2.7870408163623364e-04   4.1392883001587219e-05   4.7490588099187973e-04   0.0000000000000000e+00
   2.7481615028193424e-04   4.0868043651720133e-05   4.6896510788357491e-04   0.0000000000000000e+00
   2.7099215417583449e-04   4.0352335527245503e-05   4.6310096873866278e-04   0.0000000000000000e+00
   2.6722842387502698e-04   3.9845823292508517e-05   4.5731248852971709e-04   0.0000000000000000e+00
   2.6352159131275247e-04   3.9348527490060546e-05   4.5159869415234346e-04   0.0000000000000000e+00
   2.5987112394996374e-04   3.8860053538132062e-05   4.4595863059519362e-04   0.0000000000000000e+00
   2.5627804446620793e-04   3.8379779169270811e-05   4.4039135277051798e-04   0.0000000000000000e+00
   2.5274339152509456e-04   3.7907079775940500e-05   4.3489591569255908e-04   0.0000000000000000e+00
   2.4926819484622122e-04   3.7441332378115966e-05   4.2947137452553700e-04   0.0000000000000000e+00
   2.4585221716064934e-04   3.6982144545316125e-05   4.2411680567916985e-04   0.0000000000000000e+00
   2.4249265429462073e-04   3.6529590937897034e-05   4.1883132860632053e-04   0.0000000000000000e+00
   2.3918639176682908e-04   3.6083802681811446e-05   4.1361406796324449e-04   0.0000000000000000e+00
   2.3593031509596820e-04   3.5644910903012144e-05   4.0846414840619682e-04   0.0000000000000000e+00
   2.3272155809908645e-04   3.5213010529386251e-05   4.0338069613625666e-04   0.0000000000000000e+00
   2.2955974014993280e-04   3.4787834133038639e-05   3.9836285281874616e-04   0.0000000000000000e+00
   2.2644591232307804e-04   3.4368905566204231e-05   3.9340976902651771e-04   0.0000000000000000e+00
   2.2338114289848944e-04   3.3955746172836798e-05   3.8852059543946932e-04   0.0000000000000000e+00
   2.2036649793914410e-04   3.3547877678596375e-05   3.8369448277336367e-04   0.0000000000000000e+00
   2.1740209044482676e-04   3.3144985901045210e-05   3.7893059716179043e-04   0.0000000000000000e+00
   2.1448559865242144e-04   3.2747175858569904e-05   3.7422814412581496e-04   0.0000000000000000e+00
   2.1161431757263285e-04   3.2354618550819609e-05   3.6958633538600226e-04   0.0000000000000000e+00
   2.0878554221616573e-04   3.1967484977443480e-05   3.6500438266291740e-04   0.0000000000000000e+00
   2.0599668243273438e-04   3.1585929424100579e-05   3.6048149845269595e-04   0.0000000000000000e+00
   2.0324710921631954e-04   3.1209820746037301e-05   3.5601690849615029e-04   0.0000000000000000e+00
   2.0053783795444911e-04   3.0838788468871552e-05   3.5160984963957963e-04   0.0000000000000000e+00
   1.9786993490663766e-04   3.0472454714170226e-05   3.4725955907284947e-04   0.0000000000000000e+00
   1.9524446633239971e-04   3.0110441603500246e-05   3.4296527398582506e-04   0.0000000000000000e+00
   1.9266199261322949e-04   2.9752453755994315e-05   3.3872623970813309e-04   0.0000000000000000e+00
   1.9012077405036431e-04   2.9398570883227710e-05   3.3454173857852884e-04   0.0000000000000000e+00
   1.8761841758648871e-04   2.9048979245168830e-05   3.3041106344854407e-04   0.0000000000000000e+00
   1.8515253011953134e-04   2.8703865109084798e-05   3.2633350717043076e-04   0.0000000000000000e+00
   1.8272073820736577e-04   2.8363411898132904e-05   3.2230836274289279e-04   0.0000000000000000e+00
   1.8032192495055427e-04   2.8027621257472259e-05   3.1833493252492987e-04   0.0000000000000000e+00
   1.7795696667245148e-04   2.7696206482290058e-05   3.1441253372354938e-04   0.0000000000000000e+00
   1.7562691659681536e-04   2.7368855276441428e-05   3.1054048486353337e-04   0.0000000000000000e+00
   1.7333282794740394e-04   2.7045255343781512e-05   3.0671810446966375e-04   0.0000000000000000e+00
   1.7107559183190247e-04   2.6725119551757853e-05   3.0294471366233813e-04   0.0000000000000000e+00
   1.6885425244633268e-04   2.6408447444712831e-05   2.9921966313257249e-04   0.0000000000000000e+00
   1.6666668008563461e-04   2.6095420779448509e-05   2.9554232236653259e-04   0.0000000000000000e+00
   1.6451072625784207e-04   2.5786224228863013e-05   2.9191206115117838e-04   0.0000000000000000e+00
   1.6238424247100119e-04   2.5481042465852756e-05   2.8832824927346989e-04   0.0000000000000000e+00
   1.6028561615226246e-04   2.5179983750039811e-05   2.8479026078135239e-04   0.0000000000000000e+00
   1.5821536015738047e-04   2.4882853289787803e-05   2.8129748662162701e-04   0.0000000000000000e+00
   1.5617451417607428e-04   2.4589381175577973e-05   2.7784932192984605e-04   0.0000000000000000e+00
   1.5416411789806290e-04   2.4299297497891558e-05   2.7444516184156175e-04   0.0000000000000000e+00
   1.5218519477867563e-04   2.4012334758821822e-05   2.7108440174667124e-04   0.0000000000000000e+00
   1.5023768796710679e-04   2.3728385939500644e-05   2.6776645396028127e-04   0.0000000000000000e+00
   1.4831980201113838e-04   2.3447602289595243e-05   2.6449075803625262e-04   0.0000000000000000e+00
   1.4642958414695106e-04   2.3170158427347474e-05   2.6125675599305458e-04   0.0000000000000000e+00
   1.4456508161072538e-04   2.2896228970999193e-05   2.5806388984915671e-04   0.0000000000000000e+00
   1.4272446264835436e-04   2.2625971655423717e-05   2.5491160260336746e-04   0.0000000000000000e+00
   1.4090754213277862e-04   2.2359314476816445e-05   2.5179935059435951e-04   0.0000000000000000e+00
   1.3911532352974264e-04   2.2096019597986513e-05   2.4872659978998439e-04   0.0000000000000000e+00
   1.3734883664581404e-04   2.1835845506651028e-05   2.4569281637148917e-04   0.0000000000000000e+00
   1.3560911128756054e-04   2.1578550690527107e-05   2.4269746652012095e-04   0.0000000000000000e+00
   1.3389680948781824e-04   2.1323946174067232e-05   2.3974002192724250e-04   0.0000000000000000e+00
   1.3221072712452857e-04   2.1072109563258799e-05   2.3681998224360718e-04   0.0000000000000000e+00
   1.3054906960164475e-04   2.0823202813712355e-05   2.3393685596665779e-04   0.0000000000000000e+00
   1.2891004209095318e-04   2.0577387914203627e-05   2.3109015159731544e-04   0.0000000000000000e+00
   1.2729185423647694e-04   2.0334826246183416e-05   2.2827937767183224e-04   0.0000000000000000e+00
   1.2569353426587185e-04   2.0095568028324670e-05   2.2550404919329911e-04   0.0000000000000000e+00
   1.2411587692534297e-04   1.9859423587979289e-05   2.2276369512036460e-04   0.0000000000000000e+00
   1.2255990697390313e-04   1.9626172017006977e-05   2.2005784622878638e-04   0.0000000000000000e+00
   1.2102664917056514e-04   1.9395592407267467e-05   2.1738603329432213e-04   0.0000000000000000e+00
   1.1951707217616713e-04   1.9167471579897505e-05   2.1474778787807953e-04   0.0000000000000000e+00
   1.1803085439352797e-04   1.8941774129405785e-05   2.1214265960421686e-04   0.0000000000000000e+00
   1.1656638396744742e-04   1.8718642423672903e-05   2.0957021615994304e-04   0.0000000000000000e+00
   1.1512199294455043e-04   1.8498226559856523e-05   2.0703002601781700e-04   0.0000000000000000e+00
   1.1369601337146198e-04   1.8280676635114293e-05   2.0452165765039775e-04   0.0000000000000000e+00
   1.1228699695193892e-04   1.8066113794908886e-05   2.0204468116042797e-04   0.0000000000000000e+00
   1.1089518237578764e-04   1.7854436833144878e-05   1.9959867917060544e-04   0.0000000000000000e+00
   1.0952159006203525e-04   1.7645441508665983e-05   1.9718324010522560e-04   0.0000000000000000e+00
   1.0816724470059557e-04   1.7438923017395840e-05   1.9479795242028039e-04   0.0000000000000000e+00
   1.0683317076832702e-04   1.7234676583622266e-05   1.9244240457449277e-04   0.0000000000000000e+00
   1.0551985087399717e-04   1.7032569570772547e-05   1.9011619197251446e-04   0.0000000000000000e+00
   1.0422605508727777e-04   1.6832697333364037e-05   1.8781893197115690e-04   0.0000000000000000e+00
   1.0295021597804611e-04   1.6635200157411562e-05   1.8555024625346799e-04   0.0000000000000000e+00
   1.0169076611617936e-04   1.6440218328929963e-05   1.8330975650249575e-04   0.0000000000000000e+00
   1.0044616100514875e-04   1.6247889205572840e-05   1.8109708455645374e-04   0.0000000000000000e+00
   9.9215890994774466e-05   1.6058218006790156e-05   1.7891185925518821e-04   0.0000000000000000e+00
   9.8000880067978925e-05   1.5871026893258895e-05   1.7675371913831620e-04   0.0000000000000000e+00
   9.6802157564589481e-05   1.5686124572767919e-05   1.7462230345828550e-04   0.0000000000000000e+00
   9.5620752824433498e-05   1.5503319753106097e-05   1.7251725146754391e-04   0.0000000000000000e+00
   9.4457562763674861e-05   1.5322438168144719e-05   1.7043820394680603e-04   0.0000000000000000e+00
   9.3312020757542390e-05   1.5143493723324555e-05   1.6838481856712876e-04   0.0000000000000000e+00
   9.2182650788093980e-05   1.4966617247321096e-05   1.6635676349463730e-04   0.0000000000000000e+00
   9.1067963171406551e-05   1.4791941325883387e-05   1.6435370705317228e-04   0.0000000000000000e+00
   8.9966468223556998e-05   1.4619598544760483e-05   1.6237531756657441e-04   0.0000000000000000e+00
   8.8877094097333098e-05   1.4449669862862919e-05   1.6042126587639160e-04   0.0000000000000000e+00
   8.7800454641884530e-05   1.4282027958757259e-05   1.5849123298146447e-04   0.0000000000000000e+00
   8.6737588748577146e-05   1.4116492993877682e-05   1.5658490244175840e-04   0.0000000000000000e+00
   8.5689535308786595e-05   1.3952885129657160e-05   1.5470195781723875e-04   0.0000000000000000e+00
   8.4657318714189195e-05   1.3791026329710192e-05   1.5284208281641314e-04   0.0000000000000000e+00
   8.3641057341779444e-05   1.3630851167083826e-05   1.5100497042946749e-04   0.0000000000000000e+00
   8.2639444125549128e-05   1.3472471384501214e-05   1.4919032824955568e-04   0.0000000000000000e+00
   8.1651046878605186e-05   1.3316014276080100e-05   1.4739786515163378e-04   0.0000000000000000e+00
   8.0674433414054612e-05   1.3161607135938236e-05   1.4562729001065807e-04   0.0000000000000000e+00
   7.9708299154320053e-05   1.3009361967733446e-05   1.4387831237377868e-04   0.0000000000000000e+00
   7.8752777357984699e-05   1.2859218490082519e-05   1.4215064936208102e-04   0.0000000000000000e+00
   7.7808907706396901e-05   1.2711007811812355e-05   1.4044402287131672e-04   0.0000000000000000e+00
   7.6877744062851835e-05   1.2564559342434336e-05   1.3875815487194196e-04   0.0000000000000000e+00
   7.5960340258990401e-05   1.2419702495268770e-05   1.3709276733469753e-04   0.0000000000000000e+00
   7.5057288028369747e-05   1.2276322287351365e-05   1.3544758638310626e-04   0.0000000000000000e+00
   7.4167552336711250e-05   1.2134499482765796e-05   1.3382235276012541e-04   0.0000000000000000e+00
   7.3289740359572229e-05   1.1994357898062629e-05   1.3221681042410017e-04   0.0000000000000000e+00
   7.2422459272510084e-05   1.1856021349792439e-05   1.3063070333337569e-04   0.0000000000000000e+00
   7.1564349538336542e-05   1.1719609789566278e-05   1.2906377559734195e-04   0.0000000000000000e+00
   7.0715127601953177e-05   1.1585118238123768e-05   1.2751577620778430e-04   0.0000000000000000e+00
   6.9875793151016684e-05   1.1452392720568676e-05   1.2598645997935308e-04   0.0000000000000000e+00
   6.9047421016216008e-05   1.1321270537245684e-05   1.2447558206766892e-04   0.0000000000000000e+00
   6.8231086028240119e-05   1.1191588988499476e-05   1.2298289762835253e-04   0.0000000000000000e+00
   6.7427614708134129e-05   1.1063214221446570e-05   1.2150816375361301e-04   0.0000000000000000e+00
   6.6636255983496461e-05   1.0936195656303474e-05   1.2005114983944759e-04   0.0000000000000000e+00
   6.5855641249004497e-05   1.0810654453679021e-05   1.1861163009804626e-04   0.0000000000000000e+00
   6.5084400462846819e-05   1.0686711941062638e-05   1.1718937875280239e-04   0.0000000000000000e+00
   6.4321173755070509e-05   1.0564488303306805e-05   1.1578417006642066e-04   0.0000000000000000e+00
   6.3565447679572631e-05   1.0444008643801029e-05   1.1439578157279500e-04   0.0000000000000000e+00
   6.2818178255406604e-05   1.0325132996275195e-05   1.1302399648488733e-04   0.0000000000000000e+00
   6.2080468296016103e-05   1.0207704904581944e-05   1.1166859858297846e-04   0.0000000000000000e+00
   6.1353420614844841e-05   1.0091567912573905e-05   1.1032937164734917e-04   0.0000000000000000e+00
   6.0637953779228538e-05   9.9765862580963384e-06   1.0900610069213671e-04   0.0000000000000000e+00
   5.9933462248482042e-05   9.8627953624212453e-06   1.0769858093810067e-04   0.0000000000000000e+00
   5.9238588203387938e-05   9.7503151405804098e-06   1.0640661264384754e-04   0.0000000000000000e+00
   5.8551968514192838e-05   9.6392661040697473e-06   1.0512999610354732e-04   0.0000000000000000e+00
   5.7872248546160606e-05   9.5297678385228745e-06   1.0386853163907733e-04   0.0000000000000000e+00
   5.7198900213429208e-05   9.4218498449494809e-06   1.0262202226817318e-04   0.0000000000000000e+00
   5.6532902422302155e-05   9.3153773789931077e-06   1.0139027592375158e-04   0.0000000000000000e+00
   5.5875394250853755e-05   9.2101982393577228e-06   1.0017310106114307e-04   0.0000000000000000e+00
   5.5227514777158310e-05   9.1061602247472989e-06   9.8970306135678069e-05   0.0000000000000000e+00
   5.4590174750385411e-05   9.0031359352764409e-06   9.7781700901220070e-05   0.0000000000000000e+00
   5.3962687331842757e-05   8.9011715033273224e-06   9.6607104197301129e-05   0.0000000000000000e+00
   5.3343683366250923e-05   8.8003871754810192e-06   9.5446338743867125e-05   0.0000000000000000e+00
   5.2731791139969895e-05   8.7009034762113774e-06   9.4299227275413793e-05   0.0000000000000000e+00
   5.2125666240934742e-05   8.6028380543721314e-06   9.3165592601170114e-05   0.0000000000000000e+00
   5.1525024658521378e-05   8.5061968688615122e-06   9.2045260433032416e-05   0.0000000000000000e+00
   5.0930959333312390e-05   8.4108408470707438e-06   9.0938060252065140e-05   0.0000000000000000e+00
   5.0344655174776815e-05   8.3166212294928164e-06   8.9843821791081758e-05   0.0000000000000000e+00
   4.9767297085841591e-05   8.2233892573050989e-06   8.8762374782926944e-05   0.0000000000000000e+00
   4.9199607058370661e-05   8.1310445970231219e-06   8.7693551167566491e-05   0.0000000000000000e+00
   4.8640587987136853e-05   8.0396667506958962e-06   8.6637191081477034e-05   0.0000000000000000e+00
   4.8088843788935395e-05   7.9493769576412673e-06   8.5593136563428797e-05   0.0000000000000000e+00
   4.7542978380561592e-05   7.8602964571770859e-06   8.4561229652191868e-05   0.0000000000000000e+00
   4.7001742438999473e-05   7.7725315423348880e-06   8.3541312723387040e-05   0.0000000000000000e+00
   4.6465435858278970e-05   7.6860307314682334e-06   8.2533231708466735e-05   0.0000000000000000e+00
   4.5935288253664820e-05   7.6006478586714238e-06   8.1536834672821135e-05   0.0000000000000000e+00
   4.5412541882435731e-05   7.5162354705563561e-06   8.0551969710856760e-05   0.0000000000000000e+00
   4.4898408359007731e-05   7.4326492187640688e-06   7.9578485037555113e-05   0.0000000000000000e+00
   4.4392971564568107e-05   7.3498590276971601e-06   7.8616233305354359e-05   0.0000000000000000e+00
   4.3894886131720549e-05   7.2679796469513033e-06   7.7665072790565590e-05   0.0000000000000000e+00
   4.3402714683892899e-05   7.1871351493755368e-06   7.6724862131541971e-05   0.0000000000000000e+00
   4.2915022282350361e-05   7.1074493666697613e-06   7.5795459971350954e-05   0.0000000000000000e+00
   4.2431107076343446e-05   7.0289736139921278e-06   7.4876726370732218e-05   0.0000000000000000e+00
   4.1952024504404386e-05   6.9515853766957630e-06   7.3968524788735289e-05   0.0000000000000000e+00
   4.1479087855319726e-05   6.8751366337701518e-06   7.3070719183049976e-05   0.0000000000000000e+00
   4.1013610417876004e-05   6.7994793642047829e-06   7.2183173511366038e-05   0.0000000000000000e+00
   4.0556448724458113e-05   6.7245103212685537e-06   7.1305753184591528e-05   0.0000000000000000e+00
   4.0106585918928533e-05   6.6503099001472486e-06   7.0438329574015992e-05   0.0000000000000000e+00
   3.9662524914671829e-05   6.5770055713900687e-06   6.9580775578832583e-05   0.0000000000000000e+00
   3.9222768624799609e-05   6.5047248055729727e-06   6.8732964098235224e-05   0.0000000000000000e+00
   3.8786130560061166e-05   6.4335653621686663e-06   6.7894768544262530e-05   0.0000000000000000e+00
   3.8353305554665002e-05   6.3634450372864722e-06   6.7066065435308306e-05   0.0000000000000000e+00
   3.7925693088980326e-05   6.2942142220966676e-06   6.6246732453245912e-05   0.0000000000000000e+00
   3.7504693880795621e-05   6.2257231894006598e-06   6.5436647281991856e-05   0.0000000000000000e+00
   3.7091462511237298e-05   6.1578455701684745e-06   6.4635688221738571e-05   0.0000000000000000e+00
   3.6685283913929522e-05   6.0906324233942796e-06   6.3843738253893841e-05   0.0000000000000000e+00
   3.6284584846146291e-05   6.0242162483084161e-06   6.3060682508563740e-05   0.0000000000000000e+00
   3.5887787565047104e-05   5.9587299711984376e-06   6.2286406127121658e-05   0.0000000000000000e+00
   3.5493557354950475e-05   5.8942838716024006e-06   6.1520794600273689e-05   0.0000000000000000e+00
   3.5102482404242946e-05   5.8308090411565370e-06   6.0763736182751222e-05   0.0000000000000000e+00
   3.4716064989475198e-05   5.7681513911997681e-06   6.0015120443216429e-05   0.0000000000000000e+00
   3.4335812944508249e-05   5.7061563152070129e-06   5.9274836958319675e-05   0.0000000000000000e+00
   3.3962932775234017e-05   5.6446971147379841e-06   5.8542775878644023e-05   0.0000000000000000e+00
   3.3596591159580355e-05   5.5838360140466090e-06   5.7818831239987806e-05   0.0000000000000000e+00
   3.3235108946650092e-05   5.5237135754934094e-06   5.7102898689180835e-05   0.0000000000000000e+00
   3.2876804260858746e-05   5.4644706137911957e-06   5.6394873878242558e-05   0.0000000000000000e+00
   3.2520453885000839e-05   5.4062061191972942e-06   5.5694653043362238e-05   0.0000000000000000e+00
   3.2167035559147510e-05   5.3488183795641970e-06   5.5002135223976296e-05   0.0000000000000000e+00
   3.1818186424073985e-05   5.2921455528598026e-06   5.4317220299366303e-05   0.0000000000000000e+00
   3.1475542842855024e-05   5.2360258678065840e-06   5.3639808150231569e-05   0.0000000000000000e+00
   3.1139945619455292e-05   5.1803699551993729e-06   5.2969799771596159e-05   0.0000000000000000e+00
   3.0809980425581028e-05   5.1252936804244658e-06   5.2307099317205589e-05   0.0000000000000000e+00
   3.0483836098727846e-05   5.0709490238706386e-06   5.1651611496643568e-05   0.0000000000000000e+00
   3.0159729232533039e-05   5.0174854523441173e-06   5.1003241050608984e-05   0.0000000000000000e+00
   2.9837271590584277e-05   4.9649260867462094e-06   5.0361894283810166e-05   0.0000000000000000e+00
   2.9518094929239543e-05   4.9131111184258521e-06   4.9727479765402089e-05   0.0000000000000000e+00
   2.9203989115590832e-05   4.8618664203016222e-06   4.9099906241784522e-05   0.0000000000000000e+00
   2.8896557093400622e-05   4.8110348972166617e-06   4.8479082653361485e-05   0.0000000000000000e+00
   2.8595243578313447e-05   4.7606561056497026e-06   4.7864920180520900e-05   0.0000000000000000e+00
   2.8298107855387035e-05   4.7108958385920206e-06   4.7257331441562792e-05   0.0000000000000000e+00
   2.8003186489816454e-05   4.6619219591888171e-06   4.6656229078483018e-05   0.0000000000000000e+00
   2.7709261804299951e-05   4.6138341825307876e-06   4.6061526409233659e-05   0.0000000000000000e+00
   2.7417723752169238e-05   4.5664939358553380e-06   4.5473139115328974e-05   0.0000000000000000e+00
   2.7130531897896983e-05   4.5197105947732854e-06   4.4890983394579973e-05   0.0000000000000000e+00
   2.6849567086114537e-05   4.4733008553136693e-06   4.4314975516010605e-05   0.0000000000000000e+00
   2.6574785269727326e-05   4.4272604155490231e-06   4.3745033489973343e-05   0.0000000000000000e+00
   2.6304151762513680e-05   4.3817700896635084e-06   4.3181077127626740e-05   0.0000000000000000e+00
   2.6035540004280347e-05   4.3370192355055547e-06   4.2623026323241989e-05   0.0000000000000000e+00
   2.5767517348654042e-05   4.2931310262025401e-06   4.2070801325212337e-05   0.0000000000000000e+00
   2.5501486131406003e-05   4.2499582374678984e-06   4.1524323828695593e-05   0.0000000000000000e+00
   2.5239572581200616e-05   4.2072846009236729e-06   4.0983515898270756e-05   0.0000000000000000e+00
   2.4983775159659264e-05   4.1649065786007806e-06   4.0448299744265192e-05   0.0000000000000000e+00
   2.4733829187214647e-05   4.1228461265980793e-06   3.9918600158643736e-05   0.0000000000000000e+00
   2.4487528572943662e-05   4.0813186386781365e-06   3.9394344148001244e-05   0.0000000000000000e+00
   2.4242608590584160e-05   4.0405453273446529e-06   3.8875458789709860e-05   0.0000000000000000e+00
   2.3998020208381297e-05   4.0006196366899862e-06   3.8361870871263803e-05   0.0000000000000000e+00
   2.3755592465219560e-05   3.9613325281423751e-06   3.7853506493891965e-05   0.0000000000000000e+00
   2.3517570867797937e-05   3.9224311927332040e-06   3.7350291659518036e-05   0.0000000000000000e+00
   2.3285738897263495e-05   3.8837151034962554e-06   3.6852153263600649e-05   0.0000000000000000e+00
   2.3058928044030135e-05   3.8453177755674206e-06   3.6359023910604835e-05   0.0000000000000000e+00
   2.2834808288313721e-05   3.8075041585426745e-06   3.5870838451299865e-05   0.0000000000000000e+00
   2.2611173758314426e-05   3.7705238467211842e-06   3.5387531546171192e-05   0.0000000000000000e+00
   2.2388153329233756e-05   3.7343381998307366e-06   3.4909034256629320e-05   0.0000000000000000e+00
   2.2167925660855861e-05   3.6986555228654386e-06   3.4435274484286962e-05   0.0000000000000000e+00
   2.1952722993715741e-05   3.6631777197892908e-06   3.3966180079345315e-05   0.0000000000000000e+00
   2.1743279716857104e-05   3.6278115474613326e-06   3.3501684109681986e-05   0.0000000000000000e+00
   2.1537634335656824e-05   3.5928324638949363e-06   3.3041729034124672e-05   0.0000000000000000e+00
   2.1333543430521632e-05   3.5585544843937079e-06   3.2586258293569702e-05   0.0000000000000000e+00
   2.1129513669686797e-05   3.5251772537712537e-06   3.2135212649382867e-05   0.0000000000000000e+00
   2.0926924307445852e-05   3.4924624160330805e-06   3.1688522601222123e-05   0.0000000000000000e+00
   2.0727842152290225e-05   3.4600667795807504e-06   3.1246116192603084e-05   0.0000000000000000e+00
   2.0534060620115068e-05   3.4276941590591063e-06   3.0807923086543758e-05   0.0000000000000000e+00
   2.0344925379540577e-05   3.3954692269030679e-06   3.0373887445842380e-05   0.0000000000000000e+00
   2.0158492256110551e-05   3.3637384270156449e-06   2.9943961073972082e-05   0.0000000000000000e+00
   1.9972856663583425e-05   3.3328402382806361e-06   2.9518095517006188e-05   0.0000000000000000e+00
   1.9787719134201409e-05   3.3028008187980445e-06   2.9096232094587033e-05   0.0000000000000000e+00
   1.9604667031145071e-05   3.2732791908311568e-06   2.8678300105097052e-05   0.0000000000000000e+00
   1.9425395400370050e-05   3.2439134314905503e-06   2.8264228161663424e-05   0.0000000000000000e+00
   1.9250925127766261e-05   3.2144907808085763e-06   2.7853951094171318e-05   0.0000000000000000e+00
   1.9080158210538234e-05   3.1852672986769805e-06   2.7447423271809509e-05   0.0000000000000000e+00
   1.8911581432990081e-05   3.1565909139256604e-06   2.7044602892646970e-05   0.0000000000000000e+00
   1.8743804116914937e-05   3.1287788203054967e-06   2.6645446963118284e-05   0.0000000000000000e+00
   1.8576977792863163e-05   3.1017613919222481e-06   2.6249897492215334e-05   0.0000000000000000e+00
   1.8412307869421067e-05   3.0752046672487955e-06   2.5857886240333341e-05   0.0000000000000000e+00
   1.8251019729717224e-05   3.0487696895674240e-06   2.5469344775090994e-05   0.0000000000000000e+00
   1.8093830691586208e-05   3.0222622228420446e-06   2.5084211313572132e-05   0.0000000000000000e+00
   1.7939970086007179e-05   2.9959118790626088e-06   2.4702443547358891e-05   0.0000000000000000e+00
   1.7788396260441282e-05   2.9700254589581956e-06   2.4324002714615905e-05   0.0000000000000000e+00
   1.7638092751410122e-05   2.9449016827577018e-06   2.3948849723898176e-05   0.0000000000000000e+00
   1.7488846253067000e-05   2.9205816225177837e-06   2.3576934974100996e-05   0.0000000000000000e+00
   1.7341395022829289e-05   2.8968010944821967e-06   2.3208196412509001e-05   0.0000000000000000e+00
   1.7196532456048513e-05   2.8732782269746686e-06   2.2842571264903477e-05   0.0000000000000000e+00
   1.7054996551469787e-05   2.8497510577311690e-06   2.2479997696745602e-05   0.0000000000000000e+00
   1.6916733716186242e-05   2.8262421206968189e-06   2.2120427301083987e-05   0.0000000000000000e+00
   1.6781099522024557e-05   2.8029862946451911e-06   2.1763821693170114e-05   0.0000000000000000e+00
   1.6647435375488836e-05   2.7802235493340328e-06   2.1410142728538640e-05   0.0000000000000000e+00
   1.6515126672194402e-05   2.7581764489504572e-06   2.1059351576312567e-05   0.0000000000000000e+00
   1.6384181086026116e-05   2.7368213351943638e-06   2.0711399695506742e-05   0.0000000000000000e+00
   1.6255067586319749e-05   2.7159520248104656e-06   2.0366231347023940e-05   0.0000000000000000e+00
   1.6128266027818642e-05   2.6953580274155327e-06   2.0023790621909654e-05   0.0000000000000000e+00
   1.6004244777951998e-05   2.6748338293139125e-06   1.9684021841792975e-05   0.0000000000000000e+00
   1.5883089868400028e-05   2.6543395574073529e-06   1.9346877002885905e-05   0.0000000000000000e+00
   1.5764424923691225e-05   2.6340356687970346e-06   1.9012317383247759e-05   0.0000000000000000e+00
   1.5647845885034741e-05   2.6140946139213261e-06   1.8680304816622027e-05   0.0000000000000000e+00
   1.5532948701866618e-05   2.5946888393957437e-06   1.8350801136617775e-05   0.0000000000000000e+00
   1.5419459693193924e-05   2.5759302120875160e-06   1.8023766046702112e-05   0.0000000000000000e+00
   1.5307565774417490e-05   2.5577165702882092e-06   1.7699151724539143e-05   0.0000000000000000e+00
   1.5197555530197339e-05   2.5398985089174787e-06   1.7376908686592789e-05   0.0000000000000000e+00
   1.5089717545193480e-05   2.5223266228949811e-06   1.7056987449326971e-05   0.0000000000000000e+00
   1.4984331773227160e-05   2.5048557911255398e-06   1.6739338715458327e-05   0.0000000000000000e+00
   1.4881432289677769e-05   2.4874629362256510e-06   1.6423918493738063e-05   0.0000000000000000e+00
   1.4780777684211806e-05   2.4702617203269178e-06   1.6110688737874163e-05   0.0000000000000000e+00
   1.4682111970196023e-05   2.4533730406227468e-06   1.5799611716129867e-05   0.0000000000000000e+00
   1.4585179160997175e-05   2.4369177943065445e-06   1.5490649696768385e-05   0.0000000000000000e+00
   1.4489746511257615e-05   2.4210049237084227e-06   1.5183764604182526e-05   0.0000000000000000e+00
   1.4395837419948505e-05   2.4056116154628491e-06   1.4878914572936031e-05   0.0000000000000000e+00
   1.4303634111111261e-05   2.3906333596556446e-06   1.4576055387668038e-05   0.0000000000000000e+00
   1.4213321181450103e-05   2.3759644259207136e-06   1.4275142797912526e-05   0.0000000000000000e+00
   1.4125083227669247e-05   2.3614990838919591e-06   1.3976132553203483e-05   0.0000000000000000e+00
   1.4039080726030731e-05   2.3471444396676821e-06   1.3678980905616052e-05   0.0000000000000000e+00
   1.3955254956806184e-05   2.3329242514998089e-06   1.3383648674098943e-05   0.0000000000000000e+00
   1.3873430288946593e-05   2.3189244957370025e-06   1.3090099113408268e-05   0.0000000000000000e+00
   1.3793429997606389e-05   2.3052317308267288e-06   1.2798295501089022e-05   0.0000000000000000e+00
   1.3715077357940014e-05   2.2919325152164545e-06   1.2508201114686202e-05   0.0000000000000000e+00
   1.3638210249142651e-05   2.2791056310713965e-06   1.2219779063853786e-05   0.0000000000000000e+00
   1.3562843113915444e-05   2.2667358449565351e-06   1.1932990428435861e-05   0.0000000000000000e+00
   1.3489107616973532e-05   2.2547455056798625e-06   1.1647794940668458e-05   0.0000000000000000e+00
   1.3417137530977298e-05   2.2430558396218634e-06   1.1364152308554242e-05   0.0000000000000000e+00
   1.3347066628587114e-05   2.2315880731630206e-06   1.1082022240095877e-05   0.0000000000000000e+00
   1.3279023569387569e-05   2.2202661904698900e-06   1.0801364533695285e-05   0.0000000000000000e+00
   1.3213009341662362e-05   2.2090830364397423e-06   1.0522141244984958e-05   0.0000000000000000e+00
   1.3148891403611927e-05   2.1981034766905860e-06   1.0244316790411322e-05   0.0000000000000000e+00
   1.3086530927864898e-05   2.1873957670233713e-06   9.9678556975498010e-06   0.0000000000000000e+00
   1.3025789087049915e-05   2.1770281632390478e-06   9.6927224939758266e-06   0.0000000000000000e+00
   1.2966527936066917e-05   2.1670684534573539e-06   9.4188817006316018e-06   0.0000000000000000e+00
   1.2908694066709431e-05   2.1575396138258064e-06   9.1462972028821982e-06   0.0000000000000000e+00
   1.2852387484246468e-05   2.1483832978869569e-06   8.8749317326779159e-06   0.0000000000000000e+00
   1.2797724404669237e-05   2.1395325660780094e-06   8.6047479000913361e-06   0.0000000000000000e+00
   1.2744821043968943e-05   2.1309204788361687e-06   8.3357083151950330e-06   0.0000000000000000e+00
   1.2693793577265723e-05   2.1224801187066458e-06   8.0677755885815525e-06   0.0000000000000000e+00
   1.2644704298863267e-05   2.1141737134885325e-06   7.8009130163216852e-06   0.0000000000000000e+00
   1.2597455516157685e-05   2.1060500312255578e-06   7.5350859298589593e-06   0.0000000000000000e+00
   1.2551919979125909e-05   2.0981738281840285e-06   7.2702600366699573e-06   0.0000000000000000e+00
   1.2507970437744868e-05   2.0906098606302498e-06   7.0064010442312581e-06   0.0000000000000000e+00
   1.2465479644126012e-05   2.0834228836984612e-06   6.7434746600061891e-06   0.0000000000000000e+00
   1.2424367500682794e-05   2.0766526456822461e-06   6.4814462987354850e-06   0.0000000000000000e+00
   1.2384722747547203e-05   2.0702493493634367e-06   6.2202803269668987e-06   0.0000000000000000e+00
   1.2346671901507810e-05   2.0641431621308555e-06   5.9599408767198670e-06   0.0000000000000000e+00
   1.2310341479353179e-05   2.0582642513733241e-06   5.7003920800138259e-06   0.0000000000000000e+00
   1.2275857754823600e-05   2.0525429025715306e-06   5.4415980685852285e-06   0.0000000000000000e+00
   1.2243269040480896e-05   2.0469472808453624e-06   5.1835228833995900e-06   0.0000000000000000e+00
   1.2212434477392475e-05   2.0415374656250905e-06   4.9261303451682703e-06   0.0000000000000000e+00
   1.2183185070530282e-05   2.0363872070571789e-06   4.6693842418435013e-06   0.0000000000000000e+00
   1.2155351824866254e-05   2.0315702552880894e-06   4.4132483613775225e-06   0.0000000000000000e+00
   1.2128775225978236e-05   2.0271543404375910e-06   4.1576864305772124e-06   0.0000000000000000e+00
   1.2103443374358896e-05   2.0231134596155096e-06   3.9026612242042009e-06   0.0000000000000000e+00
   1.2079461023045861e-05   2.0193475375103804e-06   3.6481347646672610e-06   0.0000000000000000e+00
   1.2056936105435261e-05   2.0157544793361268e-06   3.3940690538633838e-06   0.0000000000000000e+00
   1.2035972096122274e-05   2.0122345275793527e-06   3.1404261841629257e-06   0.0000000000000000e+00
   1.2016485680863399e-05   2.0087858381468029e-06   2.8871720380618237e-06   0.0000000000000000e+00
   1.1998142817149677e-05   2.0055379969716093e-06   2.6342775855741835e-06   0.0000000000000000e+00
   1.1980591867356805e-05   2.0026298132249420e-06   2.3817141537359632e-06   0.0000000000000000e+00
   1.1963522063116686e-05   2.0001862904150567e-06   2.1294547777714982e-06   0.0000000000000000e+00
   1.1947124035516991e-05   1.9981630589685045e-06   1.8774934496046694e-06   0.0000000000000000e+00
   1.1931924838944656e-05   1.9964021052894947e-06   1.6258382224470633e-06   0.0000000000000000e+00
   1.1918445647634892e-05   1.9947548867184741e-06   1.3744981398246571e-06   0.0000000000000000e+00
   1.1906880193726970e-05   1.9933860427520770e-06   1.1235020140994216e-06   0.0000000000000000e+00
   1.1897064862927585e-05   1.9928019970608671e-06   8.7290023189976131e-07   0.0000000000000000e+00
   1.1889376176484581e-05   1.9933405240273808e-06   6.2275264510590755e-07   0.0000000000000000e+00
   1.1887162686646166e-05   1.9943493644328639e-06   3.7316368352823501e-07   0.0000000000000000e+00
   1.1891783384941542e-05   1.9956829726026248e-06   1.2422559249789393e-07   0.0000000000000000e+00
