0.0000000e+00 0.1000000e+00
1.3179320e+00 0.0081395e+00
1.4176821e+00 0.0023256e+00
1.5419950e+00 -0.0011628e+00
6.9982702e+00 -0.0186047e+00
8.4863348e+00 -0.0232558e+00
14.335268e+00 0.00000000e+00
14.851778e+00 0.0418605e+00
15.590160e+00 0.0965116e+00
16.279992e+00 0.1406977e+00
17.216836e+00 0.1941860e+00
17.957294e+00 0.2279070e+00
18.649548e+00 0.2476744e+00
19.491370e+00 0.2593023e+00
20.210494e+00 0.2581395e+00
20.731962e+00 0.2500000e+00
21.303825e+00 0.2337210e+00
21.726811e+00 0.2186047e+00
22.075764e+00 0.2000000e+00
22.573938e+00 0.1767442e+00
23.072804e+00 0.1465110e+00
23.447242e+00 0.1209302e+00
24.0000000e+00 0.1000000e+00
25.3179320e+00 0.0081395e+00
25.4176821e+00 0.0023256e+00
25.5419950e+00 -0.0011628e+00
30.9982702e+00 -0.0186047e+00
32.4863348e+00 -0.0232558e+00
38.335268e+00 0.00000000e+00
38.851778e+00 0.0418605e+00
39.590160e+00 0.0965116e+00
40.279992e+00 0.1406977e+00
41.216836e+00 0.1941860e+00
41.957294e+00 0.2279070e+00
42.649548e+00 0.2476744e+00
43.491370e+00 0.2593023e+00
44.210494e+00 0.2581395e+00
44.731962e+00 0.2500000e+00
45.303825e+00 0.2337210e+00
45.726811e+00 0.2186047e+00
46.075764e+00 0.2000000e+00
46.573938e+00 0.1767442e+00
47.072804e+00 0.1465110e+00
47.447242e+00 0.1209302e+00
48.0000000e+00 0.1000000e+00
